1,0,274,616,45,177,1,1,1
2,0,274,616,45,177,1,1,1
3,0,274,616,45,177,1,1,1
4,0,274,616,45,177,1,1,1
5,0,274,616,45,177,1,1,1
6,0,274,616,45,177,1,1,1
7,0,274,616,45,177,1,1,1
8,0,274,616,45,177,1,1,1
9,0,274,616,45,177,1,1,1
10,0,274,616,45,178,1,1,1
11,0,274,616,45,178,1,1,1
12,0,274,616,45,178,1,1,1
13,0,274,616,44,178,1,1,1
14,0,274,616,44,178,1,1,1
15,0,274,616,44,178,1,1,1
16,0,274,616,44,178,1,1,1
17,0,274,616,44,178,1,1,1
18,0,274,616,43,178,1,1,1
19,0,274,616,43,178,1,1,1
20,0,274,616,43,178,1,1,1
21,0,274,616,43,178,1,1,1
22,0,274,616,43,178,1,1,1
23,0,274,617,43,178,1,1,1
24,0,274,617,43,177,1,1,1
25,0,274,617,43,177,1,1,1
26,0,274,617,43,177,1,1,1
27,0,274,617,43,177,1,1,1
28,0,274,618,43,177,1,1,1
29,0,274,618,43,176,1,1,1
30,0,274,618,43,177,1,1,1
31,0,274,617,43,177,1,1,1
32,0,274,618,43,177,1,1,1
33,0,274,617,43,177,1,1,1
34,0,274,617,43,177,1,1,1
35,0,274,618,43,176,1,1,1
36,0,274,618,43,176,1,1,1
37,0,274,618,43,176,1,1,1
38,0,274,618,43,176,1,1,1
39,0,274,618,43,176,1,1,1
40,0,274,618,43,176,1,1,1
41,0,274,618,43,176,1,1,1
42,0,274,618,43,176,1,1,1
43,0,274,618,43,176,1,1,1
44,0,274,618,43,176,1,1,1
45,0,274,618,43,176,1,1,1
46,0,274,617,43,177,1,1,1
47,0,274,617,43,177,1,1,1
48,0,274,617,43,177,1,1,1
49,0,274,617,43,177,1,1,1
50,0,274,617,43,177,1,1,1
51,0,274,617,43,177,1,1,1
52,0,274,617,43,177,1,1,1
53,0,274,617,43,177,1,1,1
54,0,274,616,43,178,1,1,1
55,0,274,617,43,177,1,1,1
56,0,274,617,43,177,1,1,1
57,0,274,617,43,178,1,1,1
58,0,274,617,43,178,1,1,1
59,0,274,617,43,178,1,1,1
60,0,274,617,43,178,1,1,1
61,0,274,616,43,178,1,1,1
62,0,274,616,43,178,1,1,1
63,0,274,616,43,178,1,1,1
64,0,274,616,43,178,1,1,1
65,0,274,616,43,178,1,1,1
66,0,274,616,43,178,1,1,1
67,0,274,616,43,178,1,1,1
68,0,274,616,43,178,1,1,1
69,0,274,616,43,178,1,1,1
70,0,274,616,43,178,1,1,1
71,0,274,616,43,178,1,1,1
72,0,274,616,43,178,1,1,1
73,0,274,616,43,178,1,1,1
74,0,274,616,43,178,1,1,1
75,0,274,616,43,178,1,1,1
76,0,274,616,43,178,1,1,1
77,0,274,616,43,178,1,1,1
78,0,274,616,43,178,1,1,1
79,0,274,616,43,178,1,1,1
80,0,274,616,43,178,1,1,1
81,0,274,616,43,178,1,1,1
82,0,274,616,43,178,1,1,1
83,0,274,616,43,178,1,1,1
84,0,274,616,43,178,1,1,1
85,0,274,616,43,178,1,1,1
86,0,274,616,43,178,1,1,1
87,0,274,616,43,178,1,1,1
88,0,274,616,44,178,1,1,1
89,0,274,616,44,178,1,1,1
90,0,274,616,44,178,1,1,1
91,0,274,616,44,178,1,1,1
92,0,274,616,44,178,1,1,1
93,0,274,616,44,178,1,1,1
94,0,274,616,44,178,1,1,1
95,0,274,616,44,178,1,1,1
96,0,274,616,44,178,1,1,1
97,0,274,616,44,178,1,1,1
98,0,274,616,44,178,1,1,1
99,0,274,616,44,178,1,1,1
100,0,274,616,44,178,1,1,1
101,0,274,616,44,178,1,1,1
102,0,274,616,44,178,1,1,1
103,0,274,616,44,178,1,1,1
104,0,274,616,44,178,1,1,1
105,0,274,616,44,178,1,1,1
106,0,274,616,44,178,1,1,1
107,0,274,616,44,178,1,1,1
108,0,274,616,44,178,1,1,1
109,0,274,616,44,178,1,1,1
110,0,274,616,44,178,1,1,1
111,0,274,616,44,178,1,1,1
112,0,274,616,44,178,1,1,1
113,0,274,616,44,178,1,1,1
114,0,274,616,44,178,1,1,1
115,0,274,616,44,178,1,1,1
116,0,274,616,44,178,1,1,1
117,0,274,616,44,178,1,1,1
118,0,274,616,44,178,1,1,1
119,0,274,616,44,178,1,1,1
120,0,274,616,44,178,1,1,1
121,0,274,616,44,178,1,1,1
122,0,274,616,44,178,1,1,1
123,0,274,616,44,178,1,1,1
124,0,274,616,44,178,1,1,1
125,0,274,616,45,178,1,1,1
126,0,274,616,45,178,1,1,1
127,0,274,616,45,178,1,1,1
128,0,274,616,45,178,1,1,1
129,0,274,616,45,178,1,1,1
130,0,274,616,45,178,1,1,1
131,0,274,616,45,178,1,1,1
132,0,274,616,45,178,1,1,1
133,0,274,616,45,178,1,1,1
134,0,274,616,45,178,1,1,1
135,0,274,616,45,178,1,1,1
136,0,274,616,45,178,1,1,1
137,0,274,616,45,178,1,1,1
138,0,274,616,45,178,1,1,1
139,0,274,616,45,178,1,1,1
140,0,274,616,45,178,1,1,1
141,0,274,616,45,178,1,1,1
142,0,274,616,45,178,1,1,1
143,0,274,616,45,178,1,1,1
144,0,274,616,45,178,1,1,1
145,0,274,616,45,178,1,1,1
146,0,274,616,45,178,1,1,1
147,0,274,616,45,178,1,1,1
148,0,274,616,45,178,1,1,1
149,0,274,616,45,178,1,1,1
150,0,274,616,45,178,1,1,1
151,0,274,616,45,178,1,1,1
152,0,274,616,45,178,1,1,1
153,0,274,616,45,178,1,1,1
154,0,274,616,45,178,1,1,1
155,0,274,616,45,178,1,1,1
156,0,274,616,45,178,1,1,1
157,0,274,616,45,178,1,1,1
158,0,274,616,45,178,1,1,1
159,0,274,616,45,178,1,1,1
160,0,274,616,45,178,1,1,1
161,0,274,616,45,178,1,1,1
162,0,274,616,45,178,1,1,1
163,0,274,616,45,178,1,1,1
164,0,274,616,45,178,1,1,1
165,0,274,616,45,178,1,1,1
166,0,274,616,45,178,1,1,1
167,0,274,616,45,178,1,1,1
168,0,274,616,45,178,1,1,1
169,0,274,616,45,178,1,1,1
170,0,274,616,45,178,1,1,1
171,0,274,616,45,178,1,1,1
172,0,274,616,45,178,1,1,1
173,0,274,616,45,178,1,1,1
174,0,274,616,45,178,1,1,1
175,0,274,616,45,178,1,1,1
176,0,274,616,45,178,1,1,1
177,0,274,616,45,178,1,1,1
178,0,274,616,45,178,1,1,1
179,0,274,616,45,178,1,1,1
180,0,274,616,45,178,1,1,1
181,0,274,616,45,178,1,1,1
182,0,274,616,45,178,1,1,1
183,0,274,616,45,178,1,1,1
184,0,274,616,45,178,1,1,1
185,0,274,616,45,178,1,1,1
186,0,274,616,45,178,1,1,1
187,0,274,616,45,178,1,1,1
188,0,274,616,45,178,1,1,1
189,0,274,616,45,178,1,1,1
190,0,274,615,45,179,1,1,1
191,0,274,616,45,179,1,1,1
192,0,274,616,45,178,1,1,1
193,0,274,616,45,178,1,1,1
194,0,274,616,45,178,1,1,1
195,0,274,616,45,178,1,1,1
196,0,274,616,45,178,1,1,1
197,0,274,616,45,178,1,1,1
198,0,274,616,45,178,1,1,1
199,0,274,617,45,178,1,1,1
200,0,274,617,45,177,1,1,1
201,0,274,616,45,178,1,1,1
202,0,274,616,45,178,1,1,1
203,0,274,616,45,178,1,1,1
204,0,274,617,45,178,1,1,1
205,0,274,617,45,178,1,1,1
206,0,274,617,45,177,1,1,1
207,0,274,617,45,177,1,1,1
208,0,274,617,45,177,1,1,1
209,0,274,617,45,177,1,1,1
210,0,274,617,45,177,1,1,1
211,0,274,617,45,177,1,1,1
212,0,274,617,45,177,1,1,1
213,0,274,617,45,177,1,1,1
214,0,274,617,45,177,1,1,1
215,0,274,618,45,177,1,1,1
216,0,274,618,45,176,1,1,1
217,0,274,619,45,175,1,1,1
218,0,274,619,45,175,1,1,1
219,0,274,619,45,175,1,1,1
220,0,274,619,45,175,1,1,1
221,0,274,619,45,175,1,1,1
222,0,274,620,45,175,1,1,1
223,0,274,620,45,175,1,1,1
224,0,274,620,45,175,1,1,1
225,0,274,619,45,175,1,1,1
226,0,274,619,45,175,1,1,1
227,0,274,619,45,175,1,1,1
228,0,274,619,45,175,1,1,1
229,0,274,619,45,175,1,1,1
230,0,274,619,45,175,1,1,1
231,0,274,619,45,175,1,1,1
232,0,274,619,45,175,1,1,1
233,0,274,619,45,175,1,1,1
234,0,274,619,45,175,1,1,1
235,0,274,619,45,175,1,1,1
236,0,274,619,45,175,1,1,1
237,0,274,619,45,175,1,1,1
238,0,274,619,45,175,1,1,1
239,0,274,619,45,175,1,1,1
240,0,274,618,45,176,1,1,1
241,0,274,618,45,176,1,1,1
242,0,274,618,45,176,1,1,1
243,0,274,618,45,176,1,1,1
244,0,274,618,45,176,1,1,1
245,0,274,618,45,177,1,1,1
246,0,274,617,45,177,1,1,1
247,0,274,617,45,177,1,1,1
248,0,274,617,45,177,1,1,1
249,0,274,617,45,177,1,1,1
250,0,274,617,45,177,1,1,1
251,0,274,617,45,177,1,1,1
252,0,274,617,45,177,1,1,1
253,0,274,617,45,177,1,1,1
254,0,274,617,45,177,1,1,1
255,0,274,617,45,177,1,1,1
256,0,274,617,45,177,1,1,1
257,0,274,617,45,177,1,1,1
258,0,274,617,45,177,1,1,1
259,0,274,617,45,177,1,1,1
260,0,274,617,45,177,1,1,1
261,0,274,617,45,177,1,1,1
262,0,274,617,45,177,1,1,1
263,0,274,617,45,177,1,1,1
264,0,274,617,45,177,1,1,1
265,0,274,617,45,177,1,1,1
266,0,274,617,45,177,1,1,1
267,0,274,617,45,177,1,1,1
268,0,274,617,45,177,1,1,1
269,0,274,617,45,177,1,1,1
270,0,274,617,45,177,1,1,1
271,0,274,617,45,177,1,1,1
272,0,274,617,45,177,1,1,1
273,0,274,617,45,177,1,1,1
274,0,274,617,45,177,1,1,1
275,0,274,617,45,177,1,1,1
276,0,274,617,45,177,1,1,1
277,0,274,617,45,177,1,1,1
278,0,274,617,45,177,1,1,1
279,0,274,617,45,177,1,1,1
280,0,274,617,45,177,1,1,1
281,0,274,617,45,177,1,1,1
282,0,274,617,45,177,1,1,1
283,0,274,617,45,177,1,1,1
284,0,274,617,45,177,1,1,1
285,0,274,617,45,177,1,1,1
286,0,274,617,45,177,1,1,1
287,0,274,617,45,177,1,1,1
288,0,274,617,45,177,1,1,1
289,0,274,617,45,177,1,1,1
290,0,274,617,45,177,1,1,1
291,0,274,617,45,177,1,1,1
292,0,274,617,45,177,1,1,1
293,0,274,617,45,177,1,1,1
294,0,274,617,45,177,1,1,1
295,0,274,617,45,177,1,1,1
296,0,274,617,45,177,1,1,1
297,0,274,617,45,177,1,1,1
298,0,274,617,45,177,1,1,1
299,0,274,617,45,177,1,1,1
300,0,274,617,45,177,1,1,1
301,0,274,617,45,177,1,1,1
302,0,274,617,45,177,1,1,1
303,0,274,617,45,177,1,1,1
304,0,274,617,45,177,1,1,1
305,0,274,617,45,177,1,1,1
306,0,274,617,45,177,1,1,1
307,0,274,617,45,177,1,1,1
308,0,274,617,45,177,1,1,1
309,0,274,617,45,177,1,1,1
310,0,274,617,45,177,1,1,1
311,0,274,617,45,177,1,1,1
312,0,274,617,45,177,1,1,1
313,0,274,617,45,177,1,1,1
314,0,274,617,45,177,1,1,1
315,0,274,617,45,177,1,1,1
316,0,274,617,45,177,1,1,1
317,0,274,617,45,177,1,1,1
318,0,274,617,45,177,1,1,1
319,0,274,617,45,177,1,1,1
320,0,274,617,45,177,1,1,1
321,0,274,617,45,177,1,1,1
322,0,274,617,45,177,1,1,1
323,0,274,617,45,177,1,1,1
324,0,274,617,45,177,1,1,1
325,0,274,617,45,177,1,1,1
326,0,274,617,45,177,1,1,1
327,0,274,617,45,177,1,1,1
328,0,274,617,45,177,1,1,1
329,0,274,617,45,177,1,1,1
330,0,274,617,45,177,1,1,1
331,0,274,617,45,177,1,1,1
332,0,274,617,45,177,1,1,1
333,0,274,617,45,177,1,1,1
334,0,274,617,45,177,1,1,1
335,0,274,617,45,177,1,1,1
336,0,274,617,45,177,1,1,1
337,0,274,617,45,177,1,1,1
338,0,274,617,45,177,1,1,1
339,0,274,617,45,177,1,1,1
340,0,274,617,45,177,1,1,1
341,0,274,617,45,177,1,1,1
342,0,274,617,45,177,1,1,1
343,0,274,617,45,177,1,1,1
344,0,274,617,45,177,1,1,1
345,0,274,617,45,177,1,1,1
346,0,274,617,45,177,1,1,1
347,0,274,617,45,177,1,1,1
348,0,274,617,45,177,1,1,1
349,0,274,617,45,177,1,1,1
350,0,274,617,45,177,1,1,1
351,0,274,617,45,177,1,1,1
352,0,274,618,45,177,1,1,1
353,0,274,618,45,177,1,1,1
354,0,274,618,45,177,1,1,1
355,0,274,618,45,177,1,1,1
356,0,274,618,45,177,1,1,1
357,0,274,618,45,177,1,1,1
358,0,274,618,45,177,1,1,1
359,0,274,618,45,177,1,1,1
360,0,274,618,45,177,1,1,1
361,0,274,618,45,177,1,1,1
362,0,274,618,45,177,1,1,1
363,0,274,618,45,177,1,1,1
364,0,274,618,45,177,1,1,1
365,0,274,618,45,177,1,1,1
366,0,274,618,45,177,1,1,1
367,0,274,618,45,177,1,1,1
368,0,274,618,45,177,1,1,1
369,0,274,618,45,177,1,1,1
370,0,274,618,45,177,1,1,1
371,0,274,618,45,177,1,1,1
372,0,274,618,45,177,1,1,1
373,0,274,618,45,177,1,1,1
374,0,274,618,45,177,1,1,1
375,0,274,618,45,176,1,1,1
376,0,274,618,45,176,1,1,1
377,0,274,618,45,176,1,1,1
378,0,274,618,45,176,1,1,1
379,0,274,618,45,176,1,1,1
380,0,274,618,45,176,1,1,1
381,0,274,618,45,176,1,1,1
382,0,274,618,45,176,1,1,1
383,0,274,618,45,176,1,1,1
384,0,274,618,45,176,1,1,1
385,0,274,618,45,176,1,1,1
386,0,274,618,45,176,1,1,1
387,0,274,618,45,176,1,1,1
388,0,274,618,45,176,1,1,1
389,0,274,618,45,176,1,1,1
390,0,274,618,45,176,1,1,1
391,0,274,618,45,176,1,1,1
392,0,274,618,45,176,1,1,1
393,0,274,618,45,176,1,1,1
394,0,274,618,45,176,1,1,1
395,0,274,618,45,176,1,1,1
396,0,274,618,45,176,1,1,1
397,0,274,618,45,176,1,1,1
398,0,274,618,45,176,1,1,1
399,0,274,618,45,176,1,1,1
400,0,274,618,45,176,1,1,1
401,0,274,618,45,176,1,1,1
402,0,274,618,45,176,1,1,1
403,0,274,618,45,176,1,1,1
404,0,274,618,45,176,1,1,1
405,0,274,618,45,176,1,1,1
406,0,274,618,45,176,1,1,1
407,0,274,618,45,176,1,1,1
408,0,274,618,45,176,1,1,1
409,0,274,618,45,176,1,1,1
410,0,274,618,45,176,1,1,1
411,0,274,618,45,176,1,1,1
412,0,274,618,45,176,1,1,1
413,0,274,618,45,176,1,1,1
414,0,274,618,45,176,1,1,1
415,0,274,618,45,176,1,1,1
416,0,274,618,45,176,1,1,1
417,0,274,618,45,176,1,1,1
418,0,274,618,45,176,1,1,1
419,0,274,618,45,176,1,1,1
420,0,274,618,45,176,1,1,1
421,0,274,618,45,176,1,1,1
422,0,274,618,45,176,1,1,1
423,0,274,618,45,176,1,1,1
424,0,274,618,45,176,1,1,1
425,0,274,618,45,176,1,1,1
426,0,274,618,45,176,1,1,1
427,0,274,618,45,176,1,1,1
428,0,274,618,45,176,1,1,1
429,0,274,618,45,176,1,1,1
430,0,274,618,45,176,1,1,1
431,0,274,618,45,176,1,1,1
432,0,274,618,45,176,1,1,1
433,0,274,618,45,176,1,1,1
434,0,274,618,45,176,1,1,1
435,0,274,618,45,176,1,1,1
436,0,274,618,45,176,1,1,1
437,0,274,618,45,176,1,1,1
438,0,274,618,45,176,1,1,1
439,0,274,618,45,176,1,1,1
440,0,274,618,45,176,1,1,1
441,0,274,618,45,176,1,1,1
442,0,274,618,45,176,1,1,1
443,0,274,618,45,176,1,1,1
444,0,274,618,45,176,1,1,1
445,0,274,618,45,176,1,1,1
446,0,274,618,45,176,1,1,1
447,0,274,618,45,176,1,1,1
448,0,274,618,45,176,1,1,1
449,0,274,618,45,176,1,1,1
450,0,274,618,45,176,1,1,1
451,0,274,618,45,176,1,1,1
452,0,274,618,45,176,1,1,1
453,0,274,618,45,176,1,1,1
454,0,274,618,45,176,1,1,1
455,0,274,618,45,176,1,1,1
456,0,274,618,45,176,1,1,1
457,0,274,618,45,176,1,1,1
458,0,274,618,45,176,1,1,1
459,0,274,618,45,176,1,1,1
460,0,274,618,45,176,1,1,1
461,0,274,618,45,176,1,1,1
462,0,274,618,45,176,1,1,1
463,0,274,618,45,176,1,1,1
464,0,274,618,45,176,1,1,1
465,0,274,618,45,176,1,1,1
466,0,274,618,45,176,1,1,1
467,0,274,618,45,176,1,1,1
468,0,274,618,45,176,1,1,1
469,0,274,618,45,176,1,1,1
470,0,274,618,45,176,1,1,1
471,0,274,618,45,176,1,1,1
472,0,274,618,45,176,1,1,1
473,0,274,618,45,176,1,1,1
474,0,274,619,45,176,1,1,1
475,0,274,619,45,176,1,1,1
476,0,274,619,45,176,1,1,1
477,0,274,619,45,176,1,1,1
478,0,274,619,45,176,1,1,1
479,0,274,619,45,176,1,1,1
480,0,274,619,45,176,1,1,1
481,0,274,619,45,176,1,1,1
482,0,274,619,45,176,1,1,1
483,0,274,619,45,175,1,1,1
484,0,274,619,45,175,1,1,1
485,0,274,619,45,175,1,1,1
486,0,274,619,45,175,1,1,1
487,0,274,619,45,175,1,1,1
488,0,274,619,45,175,1,1,1
489,0,274,619,45,175,1,1,1
490,0,274,619,45,175,1,1,1
491,0,274,619,45,175,1,1,1
492,0,274,619,45,175,1,1,1
493,0,274,619,45,175,1,1,1
494,0,274,619,45,175,1,1,1
495,0,274,619,45,175,1,1,1
496,0,274,619,45,175,1,1,1
497,0,274,619,45,175,1,1,1
498,0,274,619,45,175,1,1,1
499,0,274,619,45,175,1,1,1
500,0,274,619,45,175,1,1,1
501,0,274,619,45,175,1,1,1
502,0,274,619,45,175,1,1,1
503,0,274,619,45,175,1,1,1
504,0,274,619,45,175,1,1,1
505,0,274,619,45,175,1,1,1
506,0,274,619,45,175,1,1,1
507,0,274,619,45,175,1,1,1
508,0,274,619,45,175,1,1,1
509,0,274,619,45,176,1,1,1
510,0,274,619,45,176,1,1,1
511,0,274,619,45,176,1,1,1
512,0,274,619,45,175,1,1,1
513,0,274,619,45,175,1,1,1
514,0,274,619,45,175,1,1,1
515,0,274,619,45,175,1,1,1
516,0,274,619,45,175,1,1,1
517,0,274,619,45,175,1,1,1
518,0,274,619,45,175,1,1,1
519,0,274,619,45,175,1,1,1
520,0,274,619,45,175,1,1,1
521,0,274,619,45,175,1,1,1
522,0,274,619,45,175,1,1,1
523,0,274,619,45,175,1,1,1
524,0,274,619,45,175,1,1,1
525,0,274,619,45,175,1,1,1
526,0,274,619,45,175,1,1,1
527,0,274,619,45,175,1,1,1
528,0,274,619,45,175,1,1,1
529,0,274,619,45,175,1,1,1
530,0,274,619,45,175,1,1,1
531,0,274,619,45,175,1,1,1
532,0,274,619,45,175,1,1,1
533,0,274,619,45,175,1,1,1
534,0,274,619,45,175,1,1,1
535,0,274,619,45,175,1,1,1
536,0,274,619,45,175,1,1,1
537,0,274,619,45,175,1,1,1
538,0,274,619,45,175,1,1,1
539,0,274,619,45,176,1,1,1
540,0,274,619,45,176,1,1,1
541,0,274,619,45,176,1,1,1
542,0,274,619,45,176,1,1,1
543,0,274,619,45,176,1,1,1
544,0,274,619,45,176,1,1,1
545,0,274,619,45,176,1,1,1
546,0,274,619,45,176,1,1,1
547,0,274,619,45,176,1,1,1
548,0,274,618,45,176,1,1,1
549,0,274,618,45,176,1,1,1
550,0,274,618,45,176,1,1,1
551,0,274,618,45,176,1,1,1
552,0,274,618,45,176,1,1,1
553,0,274,618,45,176,1,1,1
554,0,274,618,45,176,1,1,1
555,0,274,618,45,176,1,1,1
556,0,274,618,45,176,1,1,1
557,0,274,619,45,175,1,1,1
558,0,274,619,45,175,1,1,1
559,0,274,619,45,175,1,1,1
560,0,274,620,45,174,1,1,1
561,0,274,620,45,174,1,1,1
562,0,274,621,45,174,1,1,1
563,0,274,621,45,173,1,1,1
564,0,274,621,45,173,1,1,1
565,0,274,622,45,172,1,1,1
566,0,274,622,45,172,1,1,1
567,0,274,622,45,172,1,1,1
568,0,274,622,45,172,1,1,1
569,0,274,622,45,172,1,1,1
570,0,274,622,45,172,1,1,1
571,0,274,622,45,172,1,1,1
572,0,274,623,45,172,1,1,1
573,0,274,623,45,171,1,1,1
574,0,274,623,45,171,1,1,1
575,0,274,623,45,171,1,1,1
576,0,274,623,45,172,1,1,1
577,0,274,622,45,172,1,1,1
578,0,274,623,45,172,1,1,1
579,0,274,623,45,171,1,1,1
580,0,274,623,45,171,1,1,1
581,0,274,624,45,171,1,1,1
582,0,274,624,45,170,1,1,1
583,0,274,624,45,170,1,1,1
584,0,274,625,45,170,1,1,1
585,0,274,623,45,171,1,1,1
586,0,274,623,45,171,1,1,1
587,0,274,622,45,172,1,1,1
588,0,274,621,45,174,1,1,1
589,0,274,620,45,174,1,1,1
590,0,274,619,45,175,1,1,1
591,0,274,618,45,176,1,1,1
592,0,274,618,45,177,1,1,1
593,0,274,617,45,177,1,1,1
594,0,274,616,45,178,1,1,1
595,0,274,616,45,178,1,1,1
596,0,274,616,45,178,1,1,1
597,0,274,615,45,179,1,1,1
598,0,274,615,45,179,1,1,1
599,0,274,615,45,179,1,1,1
600,0,274,615,45,179,1,1,1
601,0,274,615,45,179,1,1,1
602,0,274,615,45,179,1,1,1
603,0,274,615,45,179,1,1,1
604,0,274,615,45,179,1,1,1
1,1,715,673,133,162,1,1,1
2,1,715,673,133,162,1,1,1
3,1,715,673,133,162,1,1,1
4,1,715,673,132,163,1,1,1
5,1,715,673,132,163,1,1,1
6,1,715,673,132,163,1,1,1
7,1,715,673,132,163,1,1,1
8,1,715,673,131,163,1,1,1
9,1,715,672,132,163,1,1,1
10,1,715,672,132,164,1,1,1
11,1,715,672,132,164,1,1,1
12,1,715,672,132,164,1,1,1
13,1,715,671,132,165,1,1,1
14,1,715,671,132,165,1,1,1
15,1,715,671,132,165,1,1,1
16,1,715,670,132,166,1,1,1
17,1,715,670,132,166,1,1,1
18,1,715,670,132,166,1,1,1
19,1,715,670,132,167,1,1,1
20,1,714,669,133,167,1,1,1
21,1,714,669,133,167,1,1,1
22,1,714,668,134,168,1,1,1
23,1,714,668,135,168,1,1,1
24,1,715,668,133,168,1,1,1
25,1,714,668,133,168,1,1,1
26,1,714,667,133,168,1,1,1
27,1,714,667,133,169,1,1,1
28,1,715,666,133,170,1,1,1
29,1,715,665,133,171,1,1,1
30,1,715,658,132,178,1,1,1
31,1,715,654,132,182,1,1,1
32,1,715,643,131,193,1,1,1
33,1,715,639,132,198,1,1,1
34,1,715,630,132,206,1,1,1
35,1,715,628,130,208,1,1,1
36,1,715,628,131,209,1,1,1
37,1,716,628,130,208,1,1,1
38,1,715,629,131,208,1,1,1
39,1,714,630,131,207,1,1,1
40,1,715,630,131,206,1,1,1
41,1,715,631,131,205,1,1,1
42,1,715,633,131,204,1,1,1
43,1,715,633,131,203,1,1,1
44,1,715,638,130,198,1,1,1
45,1,715,643,131,194,1,1,1
46,1,715,659,131,177,1,1,1
47,1,715,663,131,173,1,1,1
48,1,715,666,131,170,1,1,1
49,1,715,666,131,170,1,1,1
50,1,715,667,132,169,1,1,1
51,1,715,668,132,168,1,1,1
52,1,715,665,132,172,1,1,1
53,1,715,662,132,174,1,1,1
54,1,712,655,134,181,1,1,1
55,1,713,656,133,181,1,1,1
56,1,711,658,134,178,1,1,1
57,1,711,659,134,177,1,1,1
58,1,708,660,137,177,1,1,1
59,1,711,660,134,176,1,1,1
60,1,714,659,132,177,1,1,1
61,1,715,660,132,176,1,1,1
62,1,714,653,132,183,1,1,1
63,1,715,647,132,190,1,1,1
64,1,715,632,130,204,1,1,1
65,1,717,630,128,207,1,1,1
66,1,716,628,129,209,1,1,1
67,1,716,628,129,208,1,1,1
68,1,716,634,129,203,1,1,1
69,1,716,637,130,199,1,1,1
70,1,716,641,130,195,1,1,1
71,1,717,639,130,197,1,1,1
72,1,720,630,127,207,1,1,1
73,1,730,626,117,213,1,1,1
74,1,758,622,106,213,1,1,1
75,1,759,622,111,213,1,1,1
76,1,763,625,132,207,1,1,1
77,1,765,624,140,207,1,1,1
78,1,767,623,148,207,1,1,1
79,1,775,622,140,207,1,1,1
80,1,780,624,139,211,1,1,1
81,1,787,626,134,209,1,1,1
82,1,797,626,132,210,1,1,1
83,1,799,623,128,212,1,1,1
84,1,798,620,125,215,1,1,1
85,1,795,618,125,211,1,1,1
86,1,788,620,131,211,1,1,1
87,1,783,620,138,212,1,1,1
88,1,785,618,142,217,1,1,1
89,1,789,617,143,219,1,1,1
90,1,799,618,138,217,1,1,1
91,1,802,621,138,215,1,1,1
92,1,815,621,132,215,1,1,1
93,1,829,617,120,220,1,1,1
94,1,874,614,79,224,1,1,1
95,1,889,614,71,220,1,1,1
96,1,893,619,78,220,1,1,1
97,1,896,620,89,214,1,1,1
98,1,903,620,86,216,1,1,1
99,1,906,620,87,214,1,1,1
100,1,914,622,82,215,1,1,1
101,1,918,624,81,212,1,1,1
102,1,928,625,72,210,1,1,1
103,1,931,627,74,208,1,1,1
115,1,924,678,138,160,1,1,1
116,1,925,672,146,165,1,1,1
117,1,926,671,150,166,1,1,1
118,1,926,670,154,167,1,1,1
119,1,925,670,154,166,1,1,1
120,1,922,675,155,165,1,1,1
121,1,923,676,152,163,1,1,1
122,1,925,686,140,155,1,1,1
123,1,926,683,139,157,1,1,1
124,1,927,681,137,159,1,1,1
125,1,928,678,135,161,1,1,1
126,1,930,676,134,163,1,1,1
127,1,931,674,132,165,1,1,1
128,1,932,671,130,166,1,1,1
129,1,933,669,128,168,1,1,1
130,1,935,667,127,170,1,1,1
131,1,936,664,125,172,1,1,1
132,1,937,662,123,174,1,1,1
133,1,939,660,122,176,1,1,1
134,1,940,657,120,178,1,1,1
135,1,941,655,118,180,1,1,1
136,1,942,653,117,182,1,1,1
137,1,951,652,115,187,1,1,1
138,1,946,653,123,190,1,1,1
139,1,945,654,132,194,1,1,1
140,1,942,655,134,197,1,1,1
141,1,944,655,129,183,1,1,1
142,1,942,658,122,170,1,1,1
161,1,905,640,116,197,1,1,1
162,1,904,636,112,202,1,1,1
163,1,895,638,113,199,1,1,1
164,1,882,642,130,196,1,1,1
165,1,882,644,126,192,1,1,1
166,1,879,644,126,194,1,1,1
167,1,879,642,123,198,1,1,1
168,1,859,628,135,210,1,1,1
169,1,856,635,134,202,1,1,1
170,1,855,633,112,205,1,1,1
171,1,851,632,105,205,1,1,1
172,1,854,632,94,208,1,1,1
173,1,852,633,86,207,1,1,1
174,1,831,638,104,202,1,1,1
175,1,820,641,115,200,1,1,1
176,1,815,647,120,194,1,1,1
177,1,815,645,120,195,1,1,1
178,1,815,638,121,202,1,1,1
179,1,815,633,121,207,1,1,1
180,1,812,629,122,211,1,1,1
181,1,805,629,126,211,1,1,1
182,1,789,631,139,211,1,1,1
183,1,785,635,142,208,1,1,1
184,1,790,644,138,198,1,1,1
185,1,788,652,140,190,1,1,1
186,1,788,665,140,177,1,1,1
187,1,788,670,141,172,1,1,1
188,1,789,672,139,170,1,1,1
189,1,788,667,140,175,1,1,1
190,1,788,659,138,183,1,1,1
191,1,788,655,136,187,1,1,1
192,1,788,645,132,197,1,1,1
193,1,788,643,123,200,1,1,1
194,1,789,639,116,204,1,1,1
195,1,789,639,116,203,1,1,1
196,1,788,641,118,203,1,1,1
197,1,788,644,118,200,1,1,1
198,1,788,648,118,196,1,1,1
199,1,772,647,150,198,1,1,1
200,1,753,641,177,203,1,1,1
201,1,763,639,171,204,1,1,1
202,1,788,639,116,205,1,1,1
203,1,788,640,116,204,1,1,1
204,1,788,642,115,202,1,1,1
205,1,788,642,116,202,1,1,1
206,1,769,641,153,202,1,1,1
207,1,772,640,144,204,1,1,1
208,1,788,639,116,205,1,1,1
209,1,788,639,116,205,1,1,1
210,1,787,639,117,204,1,1,1
211,1,787,638,117,206,1,1,1
212,1,788,634,116,209,1,1,1
213,1,789,633,116,211,1,1,1
214,1,788,632,117,212,1,1,1
215,1,788,633,118,210,1,1,1
216,1,779,638,134,205,1,1,1
217,1,767,646,155,197,1,1,1
218,1,759,665,167,180,1,1,1
219,1,757,674,169,170,1,1,1
220,1,775,685,138,159,1,1,1
221,1,787,684,112,160,1,1,1
222,1,787,676,113,169,1,1,1
223,1,787,667,113,178,1,1,1
224,1,787,653,113,192,1,1,1
225,1,786,642,113,203,1,1,1
226,1,779,630,135,210,1,1,1
227,1,755,621,177,210,1,1,1
228,1,744,614,192,198,1,1,1
229,1,749,615,184,186,1,1,1
230,1,770,616,150,180,1,1,1
231,1,779,617,131,193,1,1,1
232,1,804,624,101,212,1,1,1
233,1,815,628,84,214,1,1,1
234,1,817,638,81,204,1,1,1
235,1,818,640,81,202,1,1,1
236,1,820,636,79,205,1,1,1
237,1,822,637,77,204,1,1,1
238,1,824,635,81,212,1,1,1
239,1,823,632,80,215,1,1,1
240,1,827,636,72,211,1,1,1
241,1,827,641,77,207,1,1,1
242,1,828,644,80,204,1,1,1
243,1,829,647,84,201,1,1,1
244,1,831,651,87,197,1,1,1
245,1,829,659,98,189,1,1,1
246,1,828,663,95,185,1,1,1
247,1,828,657,92,192,1,1,1
248,1,830,651,89,197,1,1,1
249,1,832,641,88,207,1,1,1
250,1,831,639,88,210,1,1,1
251,1,842,635,70,213,1,1,1
252,1,844,636,71,212,1,1,1
253,1,848,643,70,209,1,1,1
254,1,851,644,69,208,1,1,1
255,1,854,644,68,208,1,1,1
256,1,856,642,69,210,1,1,1
257,1,857,640,78,223,1,1,1
258,1,858,641,84,222,1,1,1
259,1,855,644,86,218,1,1,1
260,1,856,647,85,215,1,1,1
261,1,856,647,75,214,1,1,1
262,1,853,650,82,211,1,1,1
263,1,847,656,93,208,1,1,1
264,1,845,661,94,206,1,1,1
265,1,848,669,92,198,1,1,1
266,1,847,668,92,198,1,1,1
267,1,846,658,91,209,1,1,1
268,1,848,652,89,214,1,1,1
269,1,847,643,79,224,1,1,1
270,1,848,640,80,227,1,1,1
271,1,850,640,78,226,1,1,1
272,1,851,642,75,226,1,1,1
273,1,853,650,66,222,1,1,1
274,1,853,651,67,220,1,1,1
275,1,854,651,67,221,1,1,1
276,1,852,648,70,224,1,1,1
277,1,851,647,74,233,1,1,1
278,1,848,650,78,229,1,1,1
279,1,845,655,87,225,1,1,1
280,1,845,655,91,225,1,1,1
281,1,844,655,81,222,1,1,1
282,1,839,658,92,220,1,1,1
283,1,829,666,110,214,1,1,1
284,1,825,671,119,209,1,1,1
285,1,823,679,118,202,1,1,1
286,1,825,676,113,204,1,1,1
287,1,834,669,99,211,1,1,1
288,1,839,663,94,216,1,1,1
289,1,841,654,81,226,1,1,1
290,1,844,650,79,229,1,1,1
291,1,846,650,74,228,1,1,1
292,1,847,653,70,226,1,1,1
293,1,848,657,67,222,1,1,1
294,1,848,657,67,222,1,1,1
295,1,848,654,69,224,1,1,1
296,1,846,653,73,231,1,1,1
297,1,844,655,80,228,1,1,1
298,1,843,655,85,226,1,1,1
299,1,841,657,87,225,1,1,1
300,1,840,657,83,224,1,1,1
301,1,828,662,91,219,1,1,1
302,1,824,665,96,216,1,1,1
303,1,810,674,115,207,1,1,1
304,1,807,678,117,203,1,1,1
305,1,811,678,111,204,1,1,1
306,1,820,673,107,209,1,1,1
307,1,828,661,96,221,1,1,1
308,1,835,657,96,224,1,1,1
309,1,837,652,96,227,1,1,1
310,1,835,653,98,226,1,1,1
311,1,834,656,99,222,1,1,1
312,1,834,660,98,218,1,1,1
313,1,835,662,100,217,1,1,1
314,1,838,658,95,219,1,1,1
315,1,843,649,82,228,1,1,1
316,1,843,646,79,230,1,1,1
317,1,834,646,83,230,1,1,1
318,1,829,648,87,224,1,1,1
319,1,825,647,86,222,1,1,1
320,1,825,647,89,222,1,1,1
321,1,831,649,86,220,1,1,1
322,1,837,654,83,216,1,1,1
323,1,841,662,85,209,1,1,1
324,1,841,662,86,208,1,1,1
325,1,841,656,86,214,1,1,1
326,1,840,655,85,214,1,1,1
327,1,837,655,95,209,1,1,1
328,1,828,653,120,211,1,1,1
329,1,827,647,125,217,1,1,1
330,1,832,642,116,221,1,1,1
331,1,833,639,109,222,1,1,1
332,1,831,640,110,223,1,1,1
333,1,836,645,105,217,1,1,1
334,1,835,645,106,217,1,1,1
335,1,832,644,98,219,1,1,1
336,1,832,644,111,219,1,1,1
337,1,834,634,105,228,1,1,1
338,1,825,634,122,228,1,1,1
339,1,803,634,162,228,1,1,1
340,1,805,635,160,224,1,1,1
341,1,830,642,113,215,1,1,1
342,1,849,640,74,216,1,1,1
343,1,859,646,65,210,1,1,1
344,1,860,646,65,210,1,1,1
345,1,845,645,87,207,1,1,1
346,1,844,645,98,206,1,1,1
347,1,855,648,101,203,1,1,1
348,1,861,651,93,201,1,1,1
349,1,863,655,127,197,1,1,1
350,1,862,655,148,196,1,1,1
351,1,862,658,160,193,1,1,1
352,1,863,659,166,191,1,1,1
353,1,876,660,155,188,1,1,1
374,1,878,640,117,204,1,1,1
375,1,877,641,109,205,1,1,1
376,1,864,641,121,203,1,1,1
377,1,851,642,129,201,1,1,1
378,1,849,642,128,202,1,1,1
379,1,851,641,116,203,1,1,1
380,1,852,640,105,203,1,1,1
381,1,847,640,85,204,1,1,1
382,1,837,642,86,206,1,1,1
383,1,807,646,112,201,1,1,1
384,1,789,646,129,200,1,1,1
385,1,772,647,148,199,1,1,1
386,1,771,648,149,198,1,1,1
387,1,749,648,172,197,1,1,1
388,1,745,651,178,192,1,1,1
389,1,723,641,202,201,1,1,1
390,1,717,641,203,203,1,1,1
391,1,715,672,193,172,1,1,1
392,1,714,685,193,159,1,1,1
393,1,715,698,189,150,1,1,1
394,1,716,701,188,147,1,1,1
395,1,715,709,187,141,1,1,1
396,1,713,711,189,138,1,1,1
397,1,713,711,190,138,1,1,1
398,1,713,711,188,135,1,1,1
399,1,714,714,178,132,1,1,1
400,1,715,716,173,133,1,1,1
401,1,717,721,151,128,1,1,1
402,1,716,724,148,126,1,1,1
403,1,716,729,149,125,1,1,1
404,1,716,733,149,121,1,1,1
405,1,715,742,148,112,1,1,1
406,1,716,741,147,114,1,1,1
407,1,715,738,147,118,1,1,1
408,1,713,735,149,118,1,1,1
409,1,719,735,144,119,1,1,1
410,1,725,735,137,119,1,1,1
411,1,744,735,118,112,1,1,1
412,1,736,735,127,112,1,1,1
413,1,738,735,125,113,1,1,1
414,1,735,735,129,114,1,1,1
415,1,734,734,129,114,1,1,1
416,1,736,732,130,116,1,1,1
417,1,737,726,133,122,1,1,1
418,1,741,719,131,129,1,1,1
419,1,745,704,127,143,1,1,1
420,1,746,694,126,153,1,1,1
421,1,748,672,118,175,1,1,1
422,1,752,663,105,183,1,1,1
423,1,761,652,73,195,1,1,1
424,1,761,649,70,199,1,1,1
425,1,753,644,77,204,1,1,1
426,1,747,643,83,204,1,1,1
427,1,736,643,98,205,1,1,1
428,1,743,643,93,205,1,1,1
429,1,742,645,99,203,1,1,1
430,1,742,646,102,205,1,1,1
431,1,737,648,106,206,1,1,1
432,1,738,650,107,210,1,1,1
433,1,740,654,104,207,1,1,1
434,1,744,654,98,207,1,1,1
435,1,751,656,89,204,1,1,1
436,1,755,657,87,204,1,1,1
437,1,759,661,85,199,1,1,1
438,1,758,663,91,198,1,1,1
439,1,758,664,115,197,1,1,1
440,1,751,663,144,198,1,1,1
441,1,738,661,173,199,1,1,1
442,1,738,664,173,197,1,1,1
443,1,752,667,158,194,1,1,1
444,1,766,667,145,193,1,1,1
445,1,790,667,126,193,1,1,1
446,1,802,668,117,193,1,1,1
447,1,808,671,112,189,1,1,1
448,1,812,671,107,189,1,1,1
449,1,813,671,106,189,1,1,1
450,1,794,668,126,192,1,1,1
451,1,756,662,163,199,1,1,1
452,1,746,659,171,205,1,1,1
453,1,746,656,163,208,1,1,1
454,1,752,655,149,209,1,1,1
455,1,747,648,103,216,1,1,1
456,1,747,643,83,221,1,1,1
457,1,745,636,79,227,1,1,1
458,1,743,634,80,229,1,1,1
459,1,742,636,80,227,1,1,1
460,1,738,635,83,228,1,1,1
461,1,726,638,94,226,1,1,1
462,1,720,643,101,222,1,1,1
463,1,707,656,113,209,1,1,1
464,1,704,659,118,205,1,1,1
465,1,707,658,116,206,1,1,1
466,1,706,656,116,208,1,1,1
467,1,712,647,107,217,1,1,1
468,1,711,644,104,221,1,1,1
469,1,708,635,107,230,1,1,1
470,1,708,632,110,233,1,1,1
471,1,705,628,123,236,1,1,1
472,1,705,627,130,236,1,1,1
473,1,711,628,120,236,1,1,1
474,1,713,631,117,233,1,1,1
475,1,711,631,113,233,1,1,1
476,1,714,631,107,233,1,1,1
477,1,726,632,99,232,1,1,1
478,1,733,632,80,232,1,1,1
479,1,734,632,78,230,1,1,1
480,1,732,634,82,229,1,1,1
481,1,718,646,103,216,1,1,1
482,1,717,652,106,210,1,1,1
483,1,721,656,104,206,1,1,1
484,1,721,654,105,209,1,1,1
485,1,732,646,97,218,1,1,1
486,1,734,642,97,221,1,1,1
487,1,736,645,94,219,1,1,1
488,1,733,646,106,219,1,1,1
489,1,736,642,102,223,1,1,1
490,1,738,639,88,225,1,1,1
491,1,748,637,80,226,1,1,1
492,1,751,638,78,222,1,1,1
493,1,750,642,78,220,1,1,1
494,1,750,642,80,219,1,1,1
495,1,756,639,83,223,1,1,1
496,1,763,637,86,223,1,1,1
497,1,776,639,86,226,1,1,1
498,1,783,642,83,223,1,1,1
499,1,789,642,86,223,1,1,1
500,1,791,640,86,225,1,1,1
501,1,789,638,93,225,1,1,1
502,1,786,639,99,224,1,1,1
503,1,781,640,104,223,1,1,1
504,1,781,640,107,221,1,1,1
505,1,776,641,108,219,1,1,1
506,1,773,642,109,217,1,1,1
507,1,772,639,108,220,1,1,1
508,1,778,637,101,224,1,1,1
509,1,777,633,102,227,1,1,1
510,1,777,635,103,228,1,1,1
511,1,769,635,111,228,1,1,1
512,1,767,635,108,228,1,1,1
513,1,763,635,106,227,1,1,1
514,1,758,637,107,225,1,1,1
515,1,756,639,105,224,1,1,1
516,1,755,640,103,222,1,1,1
517,1,758,641,96,222,1,1,1
518,1,758,641,93,222,1,1,1
519,1,767,639,86,225,1,1,1
520,1,771,638,87,226,1,1,1
521,1,769,639,93,224,1,1,1
522,1,762,640,102,224,1,1,1
523,1,753,638,114,225,1,1,1
524,1,759,637,108,226,1,1,1
525,1,763,636,105,227,1,1,1
526,1,762,637,108,226,1,1,1
527,1,757,639,121,223,1,1,1
528,1,761,642,120,220,1,1,1
529,1,771,651,106,211,1,1,1
530,1,776,655,120,206,1,1,1
531,1,784,672,144,191,1,1,1
532,1,783,674,158,189,1,1,1
533,1,783,677,175,185,1,1,1
534,1,784,676,176,186,1,1,1
535,1,785,671,178,190,1,1,1
536,1,791,669,178,192,1,1,1
537,1,804,663,167,196,1,1,1
538,1,811,659,156,200,1,1,1
539,1,828,654,136,203,1,1,1
540,1,839,650,127,208,1,1,1
541,1,861,645,106,211,1,1,1
542,1,874,643,95,214,1,1,1
561,1,949,640,119,203,1,1,1
562,1,941,639,151,209,1,1,1
563,1,934,640,169,210,1,1,1
564,1,933,640,176,211,1,1,1
565,1,952,637,153,214,1,1,1
566,1,967,638,131,205,1,1,1
567,1,978,639,107,188,1,1,1
568,1,984,639,105,182,1,1,1
569,1,990,636,106,187,1,1,1
570,1,996,633,102,197,1,1,1
571,1,995,633,105,206,1,1,1
572,1,998,631,109,221,1,1,1
573,1,1004,632,102,219,1,1,1
574,1,1013,635,101,216,1,1,1
575,1,1016,632,101,218,1,1,1
576,1,1019,629,105,220,1,1,1
577,1,1019,631,108,219,1,1,1
578,1,1021,632,108,218,1,1,1
579,1,1028,633,90,218,1,1,1
580,1,1041,632,87,219,1,1,1
581,1,1045,633,86,218,1,1,1
582,1,1050,639,93,210,1,1,1
583,1,1054,643,91,206,1,1,1
584,1,1053,643,100,207,1,1,1
585,1,1053,640,101,209,1,1,1
586,1,1058,640,89,209,1,1,1
587,1,1061,639,87,210,1,1,1
588,1,1069,638,86,212,1,1,1
589,1,1064,635,94,214,1,1,1
590,1,1062,628,96,221,1,1,1
591,1,1063,628,93,221,1,1,1
592,1,1061,628,94,222,1,1,1
593,1,1064,631,93,219,1,1,1
594,1,1067,630,96,220,1,1,1
595,1,1074,629,91,219,1,1,1
596,1,1077,633,89,216,1,1,1
597,1,1083,635,88,215,1,1,1
598,1,1085,637,94,213,1,1,1
599,1,1093,636,92,213,1,1,1
600,1,1097,631,127,218,1,1,1
601,1,1095,631,141,219,1,1,1
602,1,1096,634,140,216,1,1,1
603,1,1095,634,144,216,1,1,1
604,1,1099,632,143,217,1,1,1
1,2,814,640,129,205,1,1,1
2,2,813,645,130,200,1,1,1
3,2,812,650,132,196,1,1,1
4,2,813,656,128,189,1,1,1
5,2,813,668,131,177,1,1,1
6,2,813,679,131,167,1,1,1
7,2,812,684,131,162,1,1,1
8,2,812,684,131,162,1,1,1
9,2,812,684,132,162,1,1,1
10,2,811,688,133,158,1,1,1
11,2,811,687,133,159,1,1,1
12,2,812,683,133,163,1,1,1
13,2,812,680,133,166,1,1,1
14,2,812,676,133,170,1,1,1
15,2,810,677,135,169,1,1,1
16,2,811,680,135,166,1,1,1
17,2,813,680,133,166,1,1,1
18,2,813,682,133,164,1,1,1
19,2,813,682,133,164,1,1,1
20,2,813,678,133,168,1,1,1
21,2,813,671,133,175,1,1,1
22,2,813,655,134,191,1,1,1
23,2,815,647,130,198,1,1,1
24,2,820,637,126,208,1,1,1
25,2,821,633,121,212,1,1,1
26,2,821,632,121,213,1,1,1
27,2,821,633,121,212,1,1,1
28,2,820,633,121,212,1,1,1
29,2,820,633,121,212,1,1,1
30,2,820,633,120,213,1,1,1
31,2,820,632,121,213,1,1,1
32,2,820,632,120,213,1,1,1
33,2,820,632,120,212,1,1,1
34,2,821,632,119,213,1,1,1
35,2,821,632,120,213,1,1,1
36,2,820,633,120,212,1,1,1
37,2,820,633,120,212,1,1,1
38,2,821,634,120,212,1,1,1
39,2,821,634,120,212,1,1,1
40,2,821,633,120,212,1,1,1
41,2,821,633,119,213,1,1,1
42,2,820,633,121,213,1,1,1
43,2,820,633,121,213,1,1,1
44,2,820,633,120,214,1,1,1
45,2,820,633,121,214,1,1,1
46,2,820,634,121,212,1,1,1
47,2,820,633,121,213,1,1,1
48,2,820,634,121,212,1,1,1
49,2,820,633,121,213,1,1,1
50,2,819,633,121,213,1,1,1
51,2,818,633,123,213,1,1,1
52,2,818,633,122,214,1,1,1
53,2,818,633,123,213,1,1,1
54,2,818,632,122,214,1,1,1
55,2,818,633,122,213,1,1,1
56,2,818,633,121,213,1,1,1
57,2,819,633,120,214,1,1,1
58,2,818,632,122,213,1,1,1
59,2,818,632,122,214,1,1,1
60,2,818,632,121,214,1,1,1
61,2,818,633,122,213,1,1,1
62,2,818,632,121,214,1,1,1
63,2,818,633,122,213,1,1,1
64,2,818,633,121,213,1,1,1
65,2,818,632,122,214,1,1,1
66,2,818,632,121,214,1,1,1
67,2,818,632,121,213,1,1,1
68,2,818,633,121,213,1,1,1
69,2,818,633,121,213,1,1,1
70,2,818,633,121,212,1,1,1
71,2,818,634,122,212,1,1,1
72,2,818,639,122,208,1,1,1
73,2,818,637,122,208,1,1,1
74,2,822,631,118,215,1,1,1
75,2,831,629,111,217,1,1,1
76,2,852,628,107,216,1,1,1
77,2,852,630,119,209,1,1,1
78,2,853,632,141,209,1,1,1
79,2,857,631,141,209,1,1,1
80,2,864,628,137,210,1,1,1
81,2,867,629,135,213,1,1,1
82,2,872,629,150,211,1,1,1
83,2,879,626,144,214,1,1,1
84,2,890,623,112,217,1,1,1
85,2,888,623,116,217,1,1,1
86,2,873,625,103,220,1,1,1
87,2,863,627,118,217,1,1,1
88,2,859,629,135,214,1,1,1
89,2,861,626,138,219,1,1,1
90,2,871,626,135,220,1,1,1
91,2,873,625,140,217,1,1,1
92,2,875,627,144,217,1,1,1
93,2,878,628,138,216,1,1,1
94,2,903,625,112,220,1,1,1
95,2,920,622,83,221,1,1,1
119,2,918,691,131,157,1,1,1
120,2,918,692,134,155,1,1,1
121,2,918,693,135,155,1,1,1
122,2,917,693,138,155,1,1,1
162,2,984,650,127,199,1,1,1
163,2,985,653,126,200,1,1,1
164,2,987,664,131,190,1,1,1
165,2,995,668,124,183,1,1,1
166,2,1003,666,120,186,1,1,1
167,2,1011,662,120,188,1,1,1
168,2,1011,651,134,199,1,1,1
169,2,1010,648,137,203,1,1,1
170,2,1025,645,123,206,1,1,1
171,2,1028,644,120,207,1,1,1
172,2,1039,645,111,206,1,1,1
173,2,1044,648,113,202,1,1,1
174,2,1042,657,126,193,1,1,1
175,2,1045,663,128,189,1,1,1
176,2,1045,665,134,187,1,1,1
177,2,1045,662,138,191,1,1,1
178,2,1046,656,140,197,1,1,1
179,2,1049,651,137,202,1,1,1
180,2,1068,644,117,208,1,1,1
181,2,1079,642,105,210,1,1,1
182,2,1091,640,112,212,1,1,1
183,2,1092,642,119,208,1,1,1
184,2,1092,657,131,194,1,1,1
185,2,1091,669,131,183,1,1,1
186,2,1091,693,132,160,1,1,1
187,2,1092,698,132,155,1,1,1
188,2,1092,702,132,151,1,1,1
189,2,1091,703,132,151,1,1,1
190,2,1092,696,132,157,1,1,1
191,2,1092,690,132,163,1,1,1
192,2,1092,673,133,180,1,1,1
193,2,1092,663,132,190,1,1,1
194,2,1094,650,129,203,1,1,1
195,2,1097,647,125,206,1,1,1
196,2,1097,642,124,211,1,1,1
197,2,1097,642,124,212,1,1,1
198,2,1098,643,123,210,1,1,1
199,2,1098,646,124,207,1,1,1
200,2,1097,646,138,207,1,1,1
201,2,1084,648,168,205,1,1,1
202,2,1097,645,137,208,1,1,1
203,2,1097,644,125,210,1,1,1
204,2,1098,644,124,210,1,1,1
205,2,1098,644,121,209,1,1,1
206,2,1098,649,117,204,1,1,1
207,2,1097,653,118,201,1,1,1
208,2,1097,654,118,199,1,1,1
209,2,1098,654,118,200,1,1,1
210,2,1097,649,118,205,1,1,1
211,2,1098,647,118,207,1,1,1
212,2,1097,640,121,213,1,1,1
213,2,1098,639,118,215,1,1,1
214,2,1106,644,117,209,1,1,1
215,2,1093,650,142,203,1,1,1
216,2,1074,669,177,184,1,1,1
217,2,1085,680,161,176,1,1,1
218,2,1093,699,144,159,1,1,1
219,2,1093,704,137,153,1,1,1
220,2,1132,704,64,153,1,1,1
221,2,1130,698,65,159,1,1,1
222,2,1132,679,65,178,1,1,1
223,2,1133,667,63,190,1,1,1
224,2,1125,640,79,217,1,1,1
225,2,1125,628,85,229,1,1,1
226,2,1077,613,172,224,1,1,1
227,2,1067,610,192,214,1,1,1
228,2,1071,609,183,182,1,1,1
229,2,1060,609,192,167,1,1,1
230,2,1063,610,191,170,1,1,1
231,2,1064,611,192,182,1,1,1
232,2,1069,616,178,211,1,1,1
233,2,1080,619,155,219,1,1,1
234,2,1098,632,112,224,1,1,1
235,2,1121,638,79,218,1,1,1
236,2,1123,646,66,209,1,1,1
237,2,1125,647,69,210,1,1,1
238,2,1121,647,75,210,1,1,1
239,2,1119,647,81,210,1,1,1
240,2,1117,650,86,209,1,1,1
241,2,1105,656,101,202,1,1,1
242,2,1102,660,105,199,1,1,1
243,2,1087,665,114,193,1,1,1
244,2,1085,670,117,189,1,1,1
245,2,1083,673,118,185,1,1,1
246,2,1084,670,117,188,1,1,1
247,2,1083,649,118,209,1,1,1
248,2,1083,641,117,217,1,1,1
251,2,1068,638,96,211,1,1,1
252,2,1064,639,84,214,1,1,1
253,2,1057,644,85,213,1,1,1
254,2,1057,646,84,212,1,1,1
255,2,1066,649,65,210,1,1,1
256,2,1065,649,65,208,1,1,1
257,2,1056,656,79,213,1,1,1
258,2,1055,658,80,211,1,1,1
259,2,1043,661,97,208,1,1,1
260,2,1039,664,100,205,1,1,1
261,2,1024,668,109,201,1,1,1
262,2,1014,672,112,198,1,1,1
263,2,1023,683,106,187,1,1,1
264,2,1024,685,104,184,1,1,1
265,2,1024,679,105,190,1,1,1
266,2,1024,672,98,197,1,1,1
267,2,1024,655,102,214,1,1,1
268,2,1025,647,101,221,1,1,1
269,2,1032,641,95,213,1,1,1
270,2,1033,639,92,209,1,1,1
271,2,1044,640,82,215,1,1,1
272,2,1048,639,73,225,1,1,1
273,2,1041,644,76,231,1,1,1
274,2,1039,647,76,228,1,1,1
275,2,1047,651,67,224,1,1,1
276,2,1050,653,64,222,1,1,1
277,2,1051,656,68,220,1,1,1
278,2,1052,658,77,223,1,1,1
279,2,1050,666,92,216,1,1,1
280,2,1051,672,93,210,1,1,1
281,2,1044,678,103,202,1,1,1
282,2,1038,681,106,198,1,1,1
283,2,1026,689,119,193,1,1,1
284,2,1025,692,125,190,1,1,1
285,2,1025,694,122,189,1,1,1
286,2,1026,690,118,192,1,1,1
287,2,1028,678,112,205,1,1,1
288,2,1028,669,111,214,1,1,1
289,2,1028,654,105,227,1,1,1
290,2,1032,648,96,227,1,1,1
291,2,1043,643,85,221,1,1,1
292,2,1045,640,78,227,1,1,1
293,2,1043,643,74,240,1,1,1
294,2,1043,649,69,235,1,1,1
295,2,1043,655,64,230,1,1,1
296,2,1046,659,63,227,1,1,1
297,2,1047,663,67,223,1,1,1
298,2,1044,666,82,220,1,1,1
299,2,1040,671,98,216,1,1,1
300,2,1039,670,99,217,1,1,1
301,2,1019,674,118,211,1,1,1
302,2,1015,677,119,206,1,1,1
303,2,1015,686,111,197,1,1,1
304,2,1015,692,115,192,1,1,1
305,2,1015,694,115,191,1,1,1
306,2,1014,691,115,194,1,1,1
307,2,1015,679,116,205,1,1,1
308,2,1015,672,112,213,1,1,1
309,2,1027,661,100,222,1,1,1
310,2,1034,655,94,225,1,1,1
311,2,1041,653,95,224,1,1,1
312,2,1036,653,101,224,1,1,1
313,2,1024,657,114,221,1,1,1
314,2,1027,658,116,219,1,1,1
315,2,1038,661,105,216,1,1,1
316,2,1042,660,96,217,1,1,1
317,2,1051,661,83,217,1,1,1
318,2,1051,660,84,217,1,1,1
319,2,1052,657,84,217,1,1,1
320,2,1051,660,83,211,1,1,1
321,2,1043,665,89,207,1,1,1
322,2,1045,668,91,204,1,1,1
323,2,1054,672,88,200,1,1,1
324,2,1054,671,90,200,1,1,1
325,2,1061,667,78,203,1,1,1
326,2,1059,666,83,202,1,1,1
327,2,1062,662,89,206,1,1,1
328,2,1065,659,86,208,1,1,1
329,2,1066,650,85,211,1,1,1
330,2,1063,646,87,215,1,1,1
331,2,1055,642,107,211,1,1,1
332,2,1048,644,115,207,1,1,1
333,2,1062,651,95,201,1,1,1
334,2,1070,651,94,201,1,1,1
335,2,1063,647,98,204,1,1,1
336,2,1051,644,107,208,1,1,1
337,2,1056,644,112,208,1,1,1
338,2,1060,647,104,204,1,1,1
339,2,1055,644,124,208,1,1,1
340,2,1044,652,137,200,1,1,1
341,2,1025,649,166,205,1,1,1
342,2,1043,647,135,207,1,1,1
343,2,1083,645,70,209,1,1,1
344,2,1082,645,71,210,1,1,1
345,2,1072,648,81,207,1,1,1
346,2,1066,651,87,204,1,1,1
347,2,1043,659,132,196,1,1,1
348,2,1045,663,133,192,1,1,1
349,2,1025,667,135,190,1,1,1
350,2,1011,666,143,189,1,1,1
351,2,994,660,160,194,1,1,1
352,2,991,657,162,198,1,1,1
353,2,975,652,167,202,1,1,1
354,2,964,652,169,202,1,1,1
373,2,879,642,123,223,1,1,1
374,2,869,645,126,220,1,1,1
375,2,865,652,131,213,1,1,1
376,2,863,653,132,212,1,1,1
377,2,859,654,134,211,1,1,1
378,2,845,656,147,210,1,1,1
379,2,841,659,153,206,1,1,1
380,2,839,658,154,208,1,1,1
381,2,819,661,168,204,1,1,1
382,2,815,664,164,200,1,1,1
383,2,814,668,153,194,1,1,1
384,2,813,669,152,195,1,1,1
385,2,812,666,157,198,1,1,1
386,2,813,666,157,200,1,1,1
387,2,799,672,176,183,1,1,1
388,2,792,657,187,199,1,1,1
389,2,785,652,198,196,1,1,1
390,2,784,670,198,188,1,1,1
391,2,785,711,189,155,1,1,1
392,2,787,720,182,145,1,1,1
393,2,784,736,181,131,1,1,1
394,2,784,742,180,125,1,1,1
395,2,784,742,179,125,1,1,1
396,2,784,740,178,127,1,1,1
397,2,783,733,176,134,1,1,1
398,2,784,730,179,137,1,1,1
399,2,782,731,169,135,1,1,1
400,2,782,733,162,133,1,1,1
401,2,782,739,145,126,1,1,1
402,2,784,742,135,125,1,1,1
403,2,783,752,125,122,1,1,1
404,2,784,758,124,115,1,1,1
405,2,785,759,124,115,1,1,1
406,2,783,753,125,121,1,1,1
407,2,784,742,125,133,1,1,1
408,2,784,735,124,137,1,1,1
409,2,783,729,129,141,1,1,1
410,2,785,726,132,143,1,1,1
411,2,792,725,126,145,1,1,1
412,2,800,723,116,146,1,1,1
413,2,807,717,103,151,1,1,1
414,2,808,712,102,157,1,1,1
415,2,810,702,102,166,1,1,1
416,2,810,697,101,170,1,1,1
417,2,811,691,102,176,1,1,1
418,2,811,687,105,182,1,1,1
419,2,811,684,101,185,1,1,1
420,2,810,681,95,188,1,1,1
421,2,811,669,94,201,1,1,1
422,2,815,665,93,205,1,1,1
423,2,824,659,86,210,1,1,1
424,2,828,660,83,210,1,1,1
425,2,823,667,95,202,1,1,1
426,2,825,673,107,196,1,1,1
427,2,822,681,139,187,1,1,1
428,2,822,682,158,187,1,1,1
429,2,828,677,176,195,1,1,1
430,2,828,675,179,200,1,1,1
431,2,835,671,174,203,1,1,1
433,2,869,673,138,202,1,1,1
434,2,874,672,134,203,1,1,1
435,2,878,670,130,205,1,1,1
436,2,888,671,121,205,1,1,1
437,2,912,675,107,198,1,1,1
438,2,911,678,116,196,1,1,1
439,2,897,678,145,203,1,1,1
440,2,897,679,146,202,1,1,1
441,2,879,682,175,207,1,1,1
442,2,892,682,165,208,1,1,1
443,2,894,682,162,207,1,1,1
444,2,924,682,132,208,1,1,1
445,2,953,680,108,209,1,1,1
446,2,958,678,103,211,1,1,1
447,2,962,673,95,217,1,1,1
448,2,963,671,94,219,1,1,1
449,2,944,671,116,218,1,1,1
450,2,938,673,146,217,1,1,1
451,2,930,676,170,215,1,1,1
452,2,923,676,173,218,1,1,1
453,2,913,678,177,215,1,1,1
454,2,915,678,170,214,1,1,1
455,2,926,674,132,220,1,1,1
456,2,925,671,120,222,1,1,1
457,2,931,664,102,234,1,1,1
458,2,935,660,91,240,1,1,1
459,2,935,658,91,242,1,1,1
460,2,932,656,96,244,1,1,1
461,2,909,663,135,237,1,1,1
462,2,905,670,140,230,1,1,1
463,2,903,677,148,223,1,1,1
464,2,906,677,144,223,1,1,1
465,2,911,673,133,228,1,1,1
466,2,919,671,110,229,1,1,1
467,2,939,670,79,230,1,1,1
468,2,940,667,73,233,1,1,1
469,2,927,658,98,242,1,1,1
470,2,920,657,105,244,1,1,1
471,2,911,655,128,245,1,1,1
472,2,911,655,125,245,1,1,1
473,2,915,646,127,254,1,1,1
474,2,916,649,123,252,1,1,1
475,2,915,657,131,243,1,1,1
476,2,914,659,124,241,1,1,1
477,2,927,659,98,240,1,1,1
478,2,933,658,88,242,1,1,1
479,2,937,656,85,243,1,1,1
480,2,933,661,90,237,1,1,1
481,2,914,678,126,223,1,1,1
482,2,919,686,119,215,1,1,1
483,2,925,693,118,208,1,1,1
484,2,927,690,119,211,1,1,1
485,2,930,679,103,222,1,1,1
486,2,935,670,92,231,1,1,1
487,2,941,657,82,243,1,1,1
488,2,944,656,85,245,1,1,1
489,2,937,651,93,245,1,1,1
490,2,934,653,93,244,1,1,1
491,2,935,658,90,239,1,1,1
492,2,938,661,85,237,1,1,1
493,2,948,659,72,239,1,1,1
494,2,952,657,69,241,1,1,1
495,2,947,654,80,234,1,1,1
496,2,944,657,86,227,1,1,1
497,2,935,661,97,243,1,1,1
498,2,935,665,99,240,1,1,1
499,2,929,666,96,238,1,1,1
500,2,931,665,95,240,1,1,1
501,2,945,660,77,248,1,1,1
502,2,944,659,75,252,1,1,1
503,2,943,657,80,254,1,1,1
504,2,947,655,75,254,1,1,1
505,2,936,654,86,256,1,1,1
506,2,934,654,90,257,1,1,1
507,2,928,661,100,250,1,1,1
508,2,927,665,100,246,1,1,1
509,2,923,666,112,246,1,1,1
510,2,918,662,120,249,1,1,1
511,2,900,663,131,248,1,1,1
512,2,900,663,130,248,1,1,1
513,2,910,665,122,246,1,1,1
514,2,911,665,120,246,1,1,1
515,2,906,663,123,248,1,1,1
516,2,912,663,119,248,1,1,1
517,2,927,661,101,249,1,1,1
518,2,939,660,92,251,1,1,1
519,2,941,660,96,250,1,1,1
520,2,937,659,103,252,1,1,1
521,2,928,656,113,255,1,1,1
522,2,924,656,118,255,1,1,1
523,2,924,655,110,255,1,1,1
524,2,923,656,106,255,1,1,1
525,2,922,659,114,251,1,1,1
526,2,928,660,120,250,1,1,1
527,2,934,667,120,244,1,1,1
528,2,939,671,115,240,1,1,1
529,2,943,678,110,233,1,1,1
530,2,938,681,114,230,1,1,1
531,2,924,681,128,230,1,1,1
532,2,920,676,136,235,1,1,1
533,2,920,667,144,243,1,1,1
534,2,921,663,145,247,1,1,1
535,2,912,657,153,253,1,1,1
536,2,911,657,155,253,1,1,1
537,2,914,655,154,256,1,1,1
538,2,918,655,150,255,1,1,1
539,2,916,656,149,252,1,1,1
540,2,920,656,148,252,1,1,1
541,2,917,654,150,253,1,1,1
542,2,914,655,152,252,1,1,1
543,2,912,655,154,252,1,1,1
544,2,910,652,157,255,1,1,1
545,2,908,656,146,250,1,1,1
546,2,902,665,142,241,1,1,1
547,2,899,673,132,232,1,1,1
548,2,908,676,117,230,1,1,1
549,2,905,677,129,228,1,1,1
550,2,898,668,139,236,1,1,1
551,2,893,659,123,244,1,1,1
552,2,891,659,135,248,1,1,1
553,2,890,657,124,251,1,1,1
554,2,887,655,124,250,1,1,1
555,2,898,660,104,244,1,1,1
556,2,904,666,91,239,1,1,1
557,2,908,674,77,231,1,1,1
558,2,910,677,75,229,1,1,1
559,2,896,672,87,234,1,1,1
560,2,882,669,117,237,1,1,1
561,2,843,665,186,238,1,1,1
562,2,824,668,221,238,1,1,1
563,2,832,664,208,240,1,1,1
564,2,846,661,176,242,1,1,1
565,2,869,663,123,241,1,1,1
566,2,878,668,130,236,1,1,1
567,2,881,678,98,225,1,1,1
568,2,871,679,101,225,1,1,1
569,2,862,669,115,233,1,1,1
570,2,854,663,135,238,1,1,1
571,2,848,663,113,237,1,1,1
572,2,842,662,130,242,1,1,1
573,2,844,664,130,240,1,1,1
574,2,838,664,135,238,1,1,1
575,2,839,666,117,236,1,1,1
576,2,833,666,124,236,1,1,1
577,2,838,665,111,238,1,1,1
578,2,855,663,90,240,1,1,1
579,2,855,662,89,241,1,1,1
580,2,839,664,110,237,1,1,1
581,2,827,667,124,233,1,1,1
582,2,814,673,130,234,1,1,1
583,2,819,672,122,235,1,1,1
584,2,828,667,104,234,1,1,1
585,2,828,665,101,236,1,1,1
586,2,815,670,109,231,1,1,1
587,2,816,675,109,226,1,1,1
588,2,809,676,111,226,1,1,1
589,2,807,670,114,231,1,1,1
590,2,793,660,126,239,1,1,1
591,2,789,657,127,243,1,1,1
592,2,791,658,116,246,1,1,1
593,2,790,658,121,245,1,1,1
594,2,785,655,124,245,1,1,1
595,2,779,659,120,242,1,1,1
596,2,780,663,106,238,1,1,1
597,2,784,667,114,234,1,1,1
598,2,792,666,106,234,1,1,1
599,2,794,664,104,236,1,1,1
600,2,800,659,124,238,1,1,1
601,2,797,659,147,239,1,1,1
602,2,792,663,152,243,1,1,1
603,2,790,662,154,243,1,1,1
604,2,779,666,159,234,1,1,1
1,3,1069,631,140,247,1,1,1
2,3,1068,632,142,245,1,1,1
3,3,1066,638,144,239,1,1,1
4,3,1065,646,145,232,1,1,1
5,3,1065,657,146,221,1,1,1
6,3,1064,667,147,210,1,1,1
7,3,1064,677,146,201,1,1,1
8,3,1065,678,146,200,1,1,1
9,3,1064,678,146,200,1,1,1
10,3,1064,678,146,199,1,1,1
11,3,1063,682,148,196,1,1,1
12,3,1062,685,149,193,1,1,1
13,3,1064,683,147,195,1,1,1
14,3,1055,681,155,197,1,1,1
15,3,1048,679,163,199,1,1,1
16,3,1035,680,176,198,1,1,1
17,3,1034,682,177,196,1,1,1
18,3,1031,682,177,196,1,1,1
19,3,1031,685,178,193,1,1,1
20,3,1046,690,165,188,1,1,1
21,3,1059,693,151,186,1,1,1
22,3,1060,693,151,186,1,1,1
23,3,1060,688,151,191,1,1,1
24,3,1060,668,151,210,1,1,1
25,3,1060,656,151,222,1,1,1
26,3,1061,636,150,242,1,1,1
27,3,1064,630,145,248,1,1,1
28,3,1062,623,146,256,1,1,1
29,3,1063,621,146,258,1,1,1
30,3,1065,621,144,258,1,1,1
31,3,1064,619,144,259,1,1,1
32,3,1064,619,143,259,1,1,1
33,3,1065,619,142,259,1,1,1
34,3,1066,618,141,261,1,1,1
35,3,1065,618,142,261,1,1,1
36,3,1065,619,142,260,1,1,1
37,3,1065,618,142,261,1,1,1
38,3,1065,619,142,260,1,1,1
39,3,1066,618,140,261,1,1,1
40,3,1065,619,141,259,1,1,1
41,3,1065,619,140,260,1,1,1
42,3,1065,619,141,260,1,1,1
43,3,1064,618,142,260,1,1,1
44,3,1064,618,141,260,1,1,1
45,3,1064,618,141,261,1,1,1
46,3,1065,618,140,261,1,1,1
47,3,1065,617,140,263,1,1,1
48,3,1065,618,141,262,1,1,1
49,3,1064,618,142,262,1,1,1
50,3,1064,618,142,262,1,1,1
51,3,1064,618,142,262,1,1,1
52,3,1064,618,142,261,1,1,1
53,3,1064,619,142,261,1,1,1
54,3,1063,617,142,262,1,1,1
55,3,1063,618,142,261,1,1,1
56,3,1062,618,144,261,1,1,1
57,3,1063,618,143,261,1,1,1
58,3,1062,618,144,261,1,1,1
59,3,1062,618,144,261,1,1,1
60,3,1064,618,141,261,1,1,1
61,3,1064,619,142,260,1,1,1
62,3,1064,618,143,261,1,1,1
63,3,1062,619,146,260,1,1,1
64,3,1062,619,143,260,1,1,1
65,3,1063,619,143,260,1,1,1
66,3,1064,619,141,260,1,1,1
67,3,1068,619,137,260,1,1,1
68,3,1067,617,138,261,1,1,1
69,3,1066,619,139,259,1,1,1
70,3,1066,624,139,255,1,1,1
71,3,1067,628,138,251,1,1,1
72,3,1066,626,139,253,1,1,1
73,3,1067,623,138,257,1,1,1
74,3,1072,618,136,258,1,1,1
75,3,1077,617,139,260,1,1,1
76,3,1067,620,167,257,1,1,1
77,3,1062,624,180,254,1,1,1
78,3,1058,624,190,254,1,1,1
79,3,1055,624,191,254,1,1,1
80,3,1055,624,189,254,1,1,1
81,3,1055,625,184,253,1,1,1
82,3,1055,619,172,259,1,1,1
83,3,1056,614,155,264,1,1,1
84,3,1056,610,105,267,1,1,1
85,3,1057,610,88,269,1,1,1
86,3,1023,614,111,266,1,1,1
87,3,1004,617,129,264,1,1,1
88,3,984,615,148,266,1,1,1
89,3,970,612,161,269,1,1,1
90,3,958,614,157,266,1,1,1
91,3,954,616,156,267,1,1,1
92,3,941,618,163,264,1,1,1
93,3,939,617,163,266,1,1,1
94,3,946,615,157,268,1,1,1
95,3,954,615,153,265,1,1,1
96,3,953,619,159,263,1,1,1
97,3,945,622,167,262,1,1,1
98,3,944,617,161,270,1,1,1
99,3,946,614,144,268,1,1,1
112,3,940,628,99,254,1,1,1
113,3,940,632,99,249,1,1,1
114,3,935,630,105,251,1,1,1
115,3,932,627,109,253,1,1,1
116,3,929,623,115,259,1,1,1
117,3,928,621,116,260,1,1,1
118,3,926,621,117,261,1,1,1
119,3,924,622,119,261,1,1,1
120,3,927,622,116,260,1,1,1
121,3,930,622,114,260,1,1,1
122,3,932,624,114,259,1,1,1
123,3,940,626,106,256,1,1,1
124,3,939,625,107,257,1,1,1
125,3,942,623,106,260,1,1,1
126,3,949,619,99,262,1,1,1
127,3,950,621,104,261,1,1,1
128,3,948,620,114,261,1,1,1
129,3,947,620,116,260,1,1,1
130,3,947,633,118,248,1,1,1
131,3,947,646,120,236,1,1,1
132,3,948,667,122,215,1,1,1
136,3,948,712,129,170,1,1,1
137,3,948,714,130,168,1,1,1
138,3,947,714,132,168,1,1,1
139,3,947,711,131,170,1,1,1
140,3,948,700,124,182,1,1,1
141,3,947,692,124,191,1,1,1
142,3,947,675,124,207,1,1,1
143,3,947,665,124,217,1,1,1
144,3,951,643,120,237,1,1,1
145,3,956,637,111,243,1,1,1
146,3,959,630,107,251,1,1,1
147,3,959,629,108,253,1,1,1
148,3,958,628,108,253,1,1,1
149,3,958,628,109,253,1,1,1
150,3,959,638,109,242,1,1,1
154,3,963,671,108,212,1,1,1
155,3,961,676,110,207,1,1,1
156,3,959,661,121,219,1,1,1
157,3,960,652,130,228,1,1,1
158,3,964,638,131,242,1,1,1
159,3,964,635,133,246,1,1,1
160,3,967,632,131,248,1,1,1
161,3,975,634,124,247,1,1,1
162,3,991,641,113,239,1,1,1
163,3,996,650,109,230,1,1,1
164,3,999,670,109,211,1,1,1
165,3,999,676,109,205,1,1,1
166,3,998,677,109,205,1,1,1
167,3,998,670,108,209,1,1,1
168,3,996,651,123,227,1,1,1
169,3,995,643,132,235,1,1,1
170,3,994,634,138,244,1,1,1
171,3,994,632,141,247,1,1,1
172,3,1013,636,125,244,1,1,1
173,3,1016,640,120,238,1,1,1
174,3,1023,654,109,224,1,1,1
175,3,1019,657,110,218,1,1,1
176,3,1024,660,109,218,1,1,1
177,3,1021,656,110,223,1,1,1
178,3,1017,641,126,233,1,1,1
179,3,1013,636,135,240,1,1,1
180,3,1010,632,139,245,1,1,1
181,3,1010,632,139,245,1,1,1
182,3,1010,637,141,238,1,1,1
183,3,1010,643,142,234,1,1,1
184,3,1009,662,146,218,1,1,1
185,3,1010,674,144,205,1,1,1
186,3,1010,696,145,183,1,1,1
187,3,1010,704,145,175,1,1,1
188,3,1009,707,146,171,1,1,1
189,3,1009,704,145,174,1,1,1
190,3,1009,692,146,187,1,1,1
191,3,1009,683,146,195,1,1,1
192,3,1009,666,146,213,1,1,1
193,3,1009,659,146,220,1,1,1
194,3,1009,649,147,230,1,1,1
195,3,1010,647,147,232,1,1,1
196,3,1010,645,147,234,1,1,1
197,3,1001,647,155,231,1,1,1
198,3,1025,637,148,231,1,1,1
199,3,1008,648,149,231,1,1,1
200,3,995,648,194,230,1,1,1
201,3,974,647,219,232,1,1,1
202,3,1009,641,147,237,1,1,1
203,3,1010,641,147,239,1,1,1
204,3,1009,639,147,240,1,1,1
205,3,1010,641,145,238,1,1,1
206,3,1010,646,146,233,1,1,1
207,3,1009,648,145,230,1,1,1
208,3,1009,647,146,231,1,1,1
209,3,1009,646,145,233,1,1,1
210,3,1010,637,145,241,1,1,1
211,3,1010,633,146,245,1,1,1
212,3,1009,632,145,246,1,1,1
213,3,1013,634,141,248,1,1,1
214,3,1011,644,144,233,1,1,1
215,3,1010,652,144,224,1,1,1
216,3,994,676,176,202,1,1,1
217,3,986,690,197,188,1,1,1
218,3,984,712,202,166,1,1,1
219,3,993,719,183,158,1,1,1
220,3,1011,718,143,160,1,1,1
221,3,1011,712,142,167,1,1,1
222,3,1011,690,142,188,1,1,1
223,3,1009,676,144,202,1,1,1
224,3,1012,647,141,231,1,1,1
225,3,999,633,161,245,1,1,1
226,3,979,615,229,244,1,1,1
227,3,985,610,227,234,1,1,1
228,3,985,603,227,212,1,1,1
229,3,980,604,232,207,1,1,1
230,3,1020,600,186,231,1,1,1
231,3,1034,601,163,238,1,1,1
232,3,1043,605,126,250,1,1,1
233,3,1047,610,105,254,1,1,1
234,3,1050,626,85,248,1,1,1
235,3,1051,632,78,241,1,1,1
236,3,1053,640,90,234,1,1,1
237,3,1055,638,88,236,1,1,1
238,3,1058,639,81,235,1,1,1
239,3,1049,642,99,235,1,1,1
240,3,1049,646,106,230,1,1,1
241,3,1049,652,107,223,1,1,1
242,3,1049,656,117,218,1,1,1
243,3,1048,667,119,208,1,1,1
244,3,1050,672,120,203,1,1,1
245,3,1051,672,122,203,1,1,1
246,3,1051,665,122,210,1,1,1
247,3,1051,644,122,231,1,1,1
248,3,1053,635,122,240,1,1,1
249,3,1071,620,111,254,1,1,1
250,3,1084,615,99,248,1,1,1
251,3,1107,612,82,242,1,1,1
252,3,1113,614,77,241,1,1,1
253,3,1117,619,79,249,1,1,1
254,3,1119,625,77,246,1,1,1
255,3,1120,633,80,239,1,1,1
256,3,1127,632,76,240,1,1,1
257,3,1131,631,79,239,1,1,1
258,3,1134,632,86,235,1,1,1
259,3,1133,637,97,232,1,1,1
260,3,1133,640,106,229,1,1,1
261,3,1136,643,113,225,1,1,1
262,3,1136,645,112,221,1,1,1
263,3,1137,649,105,215,1,1,1
264,3,1142,654,103,211,1,1,1
265,3,1144,659,102,208,1,1,1
266,3,1145,658,101,209,1,1,1
267,3,1152,645,94,222,1,1,1
268,3,1152,637,93,229,1,1,1
269,3,1155,625,88,238,1,1,1
270,3,1152,622,92,236,1,1,1
271,3,1157,617,84,234,1,1,1
272,3,1160,618,77,231,1,1,1
273,3,1164,621,69,235,1,1,1
274,3,1164,622,71,234,1,1,1
275,3,1164,626,72,230,1,1,1
276,3,1164,626,72,229,1,1,1
277,3,1162,626,78,229,1,1,1
278,3,1159,628,86,228,1,1,1
279,3,1158,632,94,224,1,1,1
280,3,1157,634,97,222,1,1,1
281,3,1151,637,100,217,1,1,1
282,3,1149,640,99,212,1,1,1
283,3,1146,646,97,209,1,1,1
284,3,1145,651,97,204,1,1,1
285,3,1143,650,100,205,1,1,1
286,3,1144,645,99,209,1,1,1
287,3,1150,632,91,223,1,1,1
288,3,1150,624,85,228,1,1,1
289,3,1150,614,81,237,1,1,1
290,3,1150,613,83,232,1,1,1
291,3,1154,613,78,227,1,1,1
292,3,1153,615,83,227,1,1,1
293,3,1153,621,82,228,1,1,1
294,3,1150,622,84,227,1,1,1
295,3,1149,624,83,224,1,1,1
296,3,1151,622,78,227,1,1,1
297,3,1152,620,79,227,1,1,1
298,3,1153,621,81,226,1,1,1
299,3,1150,625,88,221,1,1,1
300,3,1149,628,89,219,1,1,1
301,3,1142,632,94,214,1,1,1
302,3,1143,635,89,211,1,1,1
303,3,1141,642,82,204,1,1,1
304,3,1140,647,85,199,1,1,1
305,3,1138,651,87,196,1,1,1
306,3,1137,646,88,201,1,1,1
307,3,1141,635,88,213,1,1,1
308,3,1144,629,88,219,1,1,1
309,3,1145,622,92,225,1,1,1
310,3,1143,621,96,222,1,1,1
311,3,1139,622,108,220,1,1,1
312,3,1137,624,110,224,1,1,1
313,3,1139,631,108,217,1,1,1
314,3,1141,632,106,216,1,1,1
315,3,1141,633,100,216,1,1,1
316,3,1142,631,99,218,1,1,1
317,3,1147,630,93,225,1,1,1
318,3,1153,629,90,225,1,1,1
319,3,1154,629,94,226,1,1,1
320,3,1148,629,96,226,1,1,1
321,3,1136,631,120,224,1,1,1
322,3,1139,635,121,225,1,1,1
323,3,1147,641,111,226,1,1,1
324,3,1150,640,105,227,1,1,1
325,3,1158,640,98,229,1,1,1
326,3,1167,638,93,230,1,1,1
327,3,1172,632,92,238,1,1,1
328,3,1163,623,106,246,1,1,1
329,3,1149,618,129,251,1,1,1
330,3,1144,617,135,249,1,1,1
331,3,1137,618,138,247,1,1,1
332,3,1138,619,134,253,1,1,1
333,3,1138,628,129,248,1,1,1
334,3,1136,632,126,242,1,1,1
335,3,1142,634,113,241,1,1,1
336,3,1150,632,114,243,1,1,1
337,3,1143,633,123,253,1,1,1
338,3,1120,623,147,262,1,1,1
339,3,1091,628,200,257,1,1,1
340,3,1081,635,232,251,1,1,1
341,3,1113,637,187,249,1,1,1
342,3,1141,634,121,251,1,1,1
343,3,1161,638,87,253,1,1,1
344,3,1162,643,87,250,1,1,1
345,3,1138,652,110,240,1,1,1
346,3,1125,656,124,236,1,1,1
347,3,1113,662,138,231,1,1,1
348,3,1115,663,136,229,1,1,1
349,3,1078,660,172,232,1,1,1
350,3,1050,661,200,232,1,1,1
351,3,1015,657,238,236,1,1,1
352,3,1002,655,246,237,1,1,1
353,3,978,655,239,246,1,1,1
354,3,964,657,235,246,1,1,1
355,3,952,651,206,250,1,1,1
356,3,948,653,190,247,1,1,1
357,3,944,647,152,254,1,1,1
358,3,941,643,149,257,1,1,1
359,3,937,634,147,267,1,1,1
360,3,943,631,130,271,1,1,1
361,3,950,630,140,273,1,1,1
368,3,887,641,142,269,1,1,1
369,3,885,637,136,274,1,1,1
370,3,892,634,130,277,1,1,1
371,3,901,635,134,277,1,1,1
372,3,904,637,136,274,1,1,1
373,3,911,643,134,270,1,1,1
374,3,911,644,130,269,1,1,1
375,3,913,646,131,266,1,1,1
376,3,915,645,136,266,1,1,1
377,3,927,647,130,266,1,1,1
378,3,927,647,130,264,1,1,1
379,3,928,647,134,265,1,1,1
380,3,927,648,151,264,1,1,1
381,3,928,649,173,263,1,1,1
382,3,929,652,176,260,1,1,1
383,3,941,657,167,258,1,1,1
384,3,945,662,163,254,1,1,1
385,3,943,664,164,252,1,1,1
386,3,943,662,166,252,1,1,1
387,3,943,656,165,259,1,1,1
388,3,936,655,175,257,1,1,1
389,3,922,662,217,240,1,1,1
390,3,919,669,224,238,1,1,1
391,3,918,687,245,202,1,1,1
392,3,926,698,239,191,1,1,1
393,3,943,722,224,184,1,1,1
394,3,946,739,221,173,1,1,1
395,3,944,770,222,147,1,1,1
396,3,943,785,224,134,1,1,1
397,3,943,795,225,123,1,1,1
398,3,943,785,224,132,1,1,1
399,3,944,763,216,157,1,1,1
400,3,943,753,219,163,1,1,1
401,3,943,738,221,177,1,1,1
402,3,944,734,214,181,1,1,1
403,3,954,726,176,189,1,1,1
404,3,963,726,160,187,1,1,1
405,3,961,727,161,194,1,1,1
406,3,962,727,162,192,1,1,1
407,3,961,730,166,192,1,1,1
408,3,959,732,173,193,1,1,1
409,3,963,736,170,184,1,1,1
410,3,969,739,164,180,1,1,1
411,3,985,739,149,180,1,1,1
412,3,985,739,151,179,1,1,1
413,3,985,730,150,183,1,1,1
414,3,984,724,152,189,1,1,1
415,3,984,717,150,196,1,1,1
416,3,985,714,150,200,1,1,1
417,3,984,703,154,210,1,1,1
418,3,983,695,156,218,1,1,1
419,3,984,676,154,238,1,1,1
420,3,987,666,151,247,1,1,1
421,3,1002,652,121,259,1,1,1
422,3,1008,648,104,262,1,1,1
423,3,1014,645,85,265,1,1,1
424,3,1011,647,87,263,1,1,1
425,3,1013,656,86,253,1,1,1
426,3,1012,664,92,244,1,1,1
427,3,1009,683,100,225,1,1,1
428,3,1002,690,108,217,1,1,1
429,3,987,700,127,211,1,1,1
430,3,987,700,124,218,1,1,1
431,3,975,695,135,235,1,1,1
432,3,975,693,136,237,1,1,1
433,3,988,691,123,244,1,1,1
434,3,992,689,125,246,1,1,1
435,3,1005,686,117,250,1,1,1
436,3,999,684,127,250,1,1,1
437,3,1013,681,119,254,1,1,1
438,3,1026,682,115,252,1,1,1
439,3,1029,685,124,250,1,1,1
440,3,1030,687,143,248,1,1,1
441,3,1028,686,190,248,1,1,1
442,3,1020,685,223,250,1,1,1
443,3,998,682,250,257,1,1,1
444,3,1001,681,247,259,1,1,1
445,3,1019,678,229,260,1,1,1
446,3,1038,674,212,265,1,1,1
447,3,1074,674,174,264,1,1,1
448,3,1090,678,158,260,1,1,1
449,3,1103,685,145,254,1,1,1
450,3,1079,688,170,250,1,1,1
451,3,1055,690,194,249,1,1,1
452,3,1048,689,220,249,1,1,1
453,3,1046,684,208,255,1,1,1
454,3,1046,681,197,256,1,1,1
455,3,1046,672,160,264,1,1,1
456,3,1047,667,133,268,1,1,1
457,3,1048,655,108,281,1,1,1
458,3,1048,650,111,286,1,1,1
459,3,1047,651,102,285,1,1,1
460,3,1040,656,111,280,1,1,1
461,3,1014,675,152,260,1,1,1
462,3,1007,681,160,254,1,1,1
463,3,1011,681,155,254,1,1,1
464,3,1013,680,153,256,1,1,1
465,3,1019,678,145,258,1,1,1
466,3,1024,676,123,260,1,1,1
467,3,1026,670,113,266,1,1,1
468,3,1021,663,118,273,1,1,1
469,3,1006,650,137,285,1,1,1
470,3,1005,643,147,291,1,1,1
471,3,1002,638,143,297,1,1,1
472,3,1002,638,148,297,1,1,1
473,3,1000,631,154,304,1,1,1
474,3,1002,632,153,303,1,1,1
475,3,1004,638,147,296,1,1,1
476,3,1013,641,136,293,1,1,1
477,3,1024,643,106,291,1,1,1
478,3,1028,646,103,288,1,1,1
479,3,1025,654,100,278,1,1,1
480,3,1020,662,113,270,1,1,1
481,3,998,684,151,251,1,1,1
482,3,998,689,148,245,1,1,1
483,3,1005,687,132,247,1,1,1
484,3,1005,688,132,245,1,1,1
485,3,1002,690,136,245,1,1,1
486,3,999,690,145,245,1,1,1
487,3,1020,688,130,247,1,1,1
488,3,1023,681,130,253,1,1,1
489,3,1033,669,121,264,1,1,1
490,3,1034,663,118,269,1,1,1
491,3,1034,656,101,268,1,1,1
492,3,1034,655,89,270,1,1,1
493,3,1030,656,90,270,1,1,1
494,3,1027,654,91,272,1,1,1
495,3,1022,649,97,277,1,1,1
496,3,1023,647,98,278,1,1,1
497,3,1027,648,97,263,1,1,1
498,3,1030,653,94,257,1,1,1
499,3,1030,656,94,253,1,1,1
500,3,1030,653,91,256,1,1,1
501,3,1032,648,90,259,1,1,1
502,3,1033,647,87,259,1,1,1
503,3,1036,647,87,257,1,1,1
504,3,1037,648,89,256,1,1,1
505,3,1036,644,93,258,1,1,1
506,3,1035,643,93,258,1,1,1
507,3,1039,640,93,260,1,1,1
508,3,1038,642,96,258,1,1,1
509,3,1036,638,99,260,1,1,1
510,3,1023,635,110,262,1,1,1
511,3,1005,635,128,263,1,1,1
512,3,996,634,136,264,1,1,1
513,3,997,633,138,265,1,1,1
514,3,999,633,138,265,1,1,1
515,3,995,633,140,265,1,1,1
516,3,996,633,140,264,1,1,1
517,3,1000,634,131,263,1,1,1
518,3,1004,634,125,263,1,1,1
519,3,1018,629,123,268,1,1,1
520,3,1023,628,116,268,1,1,1
521,3,1031,627,120,270,1,1,1
522,3,1026,629,125,269,1,1,1
523,3,1019,631,132,266,1,1,1
524,3,1004,630,142,268,1,1,1
525,3,1011,624,122,273,1,1,1
526,3,1006,624,122,273,1,1,1
527,3,1005,623,114,274,1,1,1
528,3,1004,626,110,271,1,1,1
529,3,999,634,116,263,1,1,1
530,3,990,642,125,255,1,1,1
531,3,982,662,133,235,1,1,1
532,3,970,670,146,226,1,1,1
533,3,955,677,160,219,1,1,1
534,3,951,678,164,219,1,1,1
535,3,944,670,171,227,1,1,1
536,3,944,663,171,235,1,1,1
537,3,942,658,163,240,1,1,1
538,3,942,655,153,242,1,1,1
539,3,942,645,126,252,1,1,1
540,3,942,639,112,256,1,1,1
546,3,919,626,111,268,1,1,1
547,3,909,630,122,264,1,1,1
548,3,899,636,133,258,1,1,1
557,3,920,656,84,235,1,1,1
558,3,910,659,90,231,1,1,1
559,3,906,659,96,231,1,1,1
560,3,901,657,106,233,1,1,1
561,3,880,649,142,241,1,1,1
562,3,857,646,189,243,1,1,1
563,3,836,646,234,243,1,1,1
564,3,843,646,221,243,1,1,1
565,3,878,648,170,243,1,1,1
566,3,908,650,100,242,1,1,1
567,3,895,657,97,233,1,1,1
568,3,880,658,102,232,1,1,1
569,3,883,654,99,235,1,1,1
570,3,905,648,76,241,1,1,1
571,3,894,644,93,245,1,1,1
572,3,873,638,115,251,1,1,1
573,3,867,636,118,253,1,1,1
574,3,874,634,130,253,1,1,1
575,3,873,637,122,251,1,1,1
576,3,878,641,101,248,1,1,1
577,3,883,644,96,244,1,1,1
578,3,886,648,85,240,1,1,1
579,3,889,647,93,241,1,1,1
580,3,884,643,103,245,1,1,1
581,3,877,640,117,248,1,1,1
582,3,866,639,131,249,1,1,1
583,3,849,639,144,251,1,1,1
584,3,865,638,116,253,1,1,1
585,3,867,643,115,245,1,1,1
586,3,849,654,143,234,1,1,1
587,3,847,655,139,233,1,1,1
588,3,848,653,137,235,1,1,1
589,3,854,646,127,242,1,1,1
590,3,856,636,118,251,1,1,1
591,3,854,632,116,255,1,1,1
592,3,850,629,120,260,1,1,1
593,3,851,628,119,260,1,1,1
594,3,843,629,125,258,1,1,1
595,3,836,631,134,256,1,1,1
596,3,828,634,143,253,1,1,1
597,3,818,635,144,251,1,1,1
598,3,844,637,108,249,1,1,1
599,3,850,638,106,248,1,1,1
600,3,849,648,111,238,1,1,1
601,3,849,655,128,232,1,1,1
602,3,845,671,178,218,1,1,1
603,3,850,676,174,214,1,1,1
604,3,844,676,173,214,1,1,1
1,4,1182,732,173,170,1,1,1
2,4,1181,732,175,170,1,1,1
3,4,1181,732,175,170,1,1,1
4,4,1181,731,175,171,1,1,1
5,4,1181,730,175,173,1,1,1
6,4,1181,731,175,171,1,1,1
7,4,1181,732,174,170,1,1,1
8,4,1181,732,174,170,1,1,1
9,4,1181,732,175,170,1,1,1
10,4,1181,732,174,170,1,1,1
11,4,1181,731,175,170,1,1,1
12,4,1181,731,175,171,1,1,1
13,4,1181,731,176,172,1,1,1
14,4,1180,730,175,171,1,1,1
15,4,1181,730,175,172,1,1,1
16,4,1181,730,175,172,1,1,1
17,4,1181,730,175,172,1,1,1
18,4,1181,730,175,172,1,1,1
19,4,1181,731,175,172,1,1,1
20,4,1181,731,175,172,1,1,1
21,4,1181,731,175,172,1,1,1
22,4,1180,730,176,173,1,1,1
23,4,1180,729,176,174,1,1,1
24,4,1180,728,175,175,1,1,1
25,4,1180,728,175,174,1,1,1
26,4,1181,728,175,174,1,1,1
27,4,1181,727,174,175,1,1,1
28,4,1181,725,174,177,1,1,1
29,4,1182,724,174,178,1,1,1
30,4,1182,713,174,190,1,1,1
31,4,1182,701,175,202,1,1,1
32,4,1184,679,172,224,1,1,1
33,4,1188,666,167,236,1,1,1
34,4,1183,650,167,251,1,1,1
35,4,1191,646,157,255,1,1,1
36,4,1191,646,158,256,1,1,1
37,4,1191,646,159,256,1,1,1
38,4,1191,632,159,271,1,1,1
39,4,1190,649,159,253,1,1,1
40,4,1191,647,158,256,1,1,1
41,4,1190,645,159,258,1,1,1
42,4,1191,646,159,257,1,1,1
43,4,1191,648,159,255,1,1,1
44,4,1190,660,159,242,1,1,1
45,4,1190,671,158,231,1,1,1
46,4,1188,698,161,204,1,1,1
47,4,1188,704,162,199,1,1,1
48,4,1188,708,161,195,1,1,1
49,4,1187,711,161,191,1,1,1
50,4,1187,714,161,188,1,1,1
51,4,1187,712,162,190,1,1,1
52,4,1188,703,162,199,1,1,1
53,4,1187,698,161,205,1,1,1
54,4,1162,695,188,207,1,1,1
55,4,1167,696,183,206,1,1,1
56,4,1185,697,164,206,1,1,1
57,4,1185,696,164,206,1,1,1
58,4,1186,698,163,204,1,1,1
59,4,1186,702,163,200,1,1,1
60,4,1185,700,164,201,1,1,1
61,4,1186,695,164,208,1,1,1
62,4,1184,674,165,228,1,1,1
63,4,1186,663,163,239,1,1,1
64,4,1185,646,162,254,1,1,1
65,4,1178,630,168,271,1,1,1
66,4,1175,627,161,274,1,1,1
67,4,1185,633,139,268,1,1,1
68,4,1184,639,135,262,1,1,1
69,4,1185,640,133,260,1,1,1
70,4,1185,652,132,249,1,1,1
71,4,1185,657,132,244,1,1,1
72,4,1184,655,133,246,1,1,1
73,4,1183,649,135,252,1,1,1
74,4,1170,642,150,260,1,1,1
75,4,1162,638,165,263,1,1,1
76,4,1146,640,194,261,1,1,1
77,4,1141,641,199,259,1,1,1
78,4,1126,637,196,263,1,1,1
79,4,1119,636,186,266,1,1,1
80,4,1111,635,155,265,1,1,1
81,4,1105,636,149,266,1,1,1
82,4,1086,637,139,264,1,1,1
83,4,1079,635,124,266,1,1,1
84,4,1070,632,106,269,1,1,1
85,4,1062,634,109,267,1,1,1
86,4,1017,637,140,266,1,1,1
87,4,986,639,166,263,1,1,1
88,4,960,636,176,265,1,1,1
89,4,955,631,170,269,1,1,1
90,4,953,630,160,267,1,1,1
91,4,947,632,160,266,1,1,1
92,4,935,634,162,264,1,1,1
93,4,933,633,157,265,1,1,1
94,4,943,629,130,267,1,1,1
95,4,943,627,123,267,1,1,1
96,4,941,625,159,270,1,1,1
97,4,940,629,163,265,1,1,1
98,4,942,633,163,261,1,1,1
99,4,942,629,161,265,1,1,1
100,4,943,624,152,269,1,1,1
101,4,942,625,147,270,1,1,1
102,4,939,627,142,268,1,1,1
103,4,937,629,139,266,1,1,1
104,4,941,625,116,268,1,1,1
105,4,943,627,106,266,1,1,1
106,4,943,628,102,271,1,1,1
107,4,943,629,100,270,1,1,1
108,4,943,629,100,267,1,1,1
109,4,942,630,102,267,1,1,1
110,4,947,638,96,257,1,1,1
111,4,947,646,98,249,1,1,1
112,4,950,663,100,233,1,1,1
113,4,951,663,97,234,1,1,1
114,4,958,642,86,256,1,1,1
115,4,960,630,82,267,1,1,1
116,4,957,638,82,261,1,1,1
117,4,955,640,83,258,1,1,1
118,4,949,639,92,258,1,1,1
119,4,946,642,95,255,1,1,1
120,4,942,646,99,251,1,1,1
121,4,938,647,104,250,1,1,1
122,4,942,651,101,246,1,1,1
123,4,943,651,99,246,1,1,1
124,4,955,639,85,259,1,1,1
125,4,957,633,81,264,1,1,1
126,4,952,628,87,270,1,1,1
127,4,953,630,87,267,1,1,1
128,4,950,635,91,262,1,1,1
129,4,945,638,95,260,1,1,1
130,4,943,640,102,257,1,1,1
131,4,942,658,105,239,1,1,1
132,4,938,675,116,221,1,1,1
133,4,931,679,126,216,1,1,1
134,4,907,685,149,211,1,1,1
135,4,899,687,160,209,1,1,1
136,4,904,696,156,201,1,1,1
137,4,908,701,151,196,1,1,1
138,4,913,702,146,195,1,1,1
139,4,915,699,141,197,1,1,1
140,4,924,696,133,200,1,1,1
141,4,930,692,126,204,1,1,1
142,4,942,678,112,218,1,1,1
143,4,951,656,94,240,1,1,1
144,4,953,639,88,257,1,1,1
145,4,952,638,90,258,1,1,1
146,4,947,639,98,256,1,1,1
147,4,943,638,105,257,1,1,1
148,4,937,638,117,258,1,1,1
149,4,932,641,129,256,1,1,1
150,4,932,640,126,254,1,1,1
151,4,930,641,134,251,1,1,1
152,4,942,660,119,235,1,1,1
153,4,947,668,109,227,1,1,1
154,4,947,686,105,208,1,1,1
155,4,947,694,105,202,1,1,1
156,4,946,693,105,202,1,1,1
157,4,946,686,105,210,1,1,1
158,4,935,663,124,232,1,1,1
159,4,929,654,139,240,1,1,1
160,4,926,651,145,243,1,1,1
161,4,928,649,138,244,1,1,1
162,4,926,655,124,240,1,1,1
163,4,933,662,104,235,1,1,1
164,4,940,684,90,213,1,1,1
165,4,925,688,103,207,1,1,1
166,4,940,676,94,219,1,1,1
167,4,936,668,108,226,1,1,1
168,4,923,654,133,239,1,1,1
169,4,922,649,138,242,1,1,1
170,4,926,645,130,247,1,1,1
171,4,931,646,119,246,1,1,1
172,4,940,651,100,241,1,1,1
173,4,943,659,91,233,1,1,1
174,4,942,672,93,220,1,1,1
175,4,942,669,93,223,1,1,1
176,4,933,653,110,238,1,1,1
177,4,925,645,127,245,1,1,1
178,4,904,636,159,254,1,1,1
179,4,918,634,139,255,1,1,1
180,4,920,633,135,257,1,1,1
181,4,919,638,132,253,1,1,1
182,4,906,647,152,244,1,1,1
183,4,906,659,156,234,1,1,1
184,4,905,686,156,208,1,1,1
185,4,905,700,157,194,1,1,1
186,4,905,715,157,179,1,1,1
187,4,906,719,154,174,1,1,1
188,4,905,714,156,180,1,1,1
189,4,906,707,155,187,1,1,1
190,4,906,685,156,207,1,1,1
191,4,906,674,156,219,1,1,1
192,4,909,656,152,237,1,1,1
193,4,912,651,148,242,1,1,1
194,4,914,647,144,246,1,1,1
195,4,913,647,144,246,1,1,1
196,4,913,650,145,244,1,1,1
197,4,914,655,145,239,1,1,1
198,4,914,649,146,243,1,1,1
199,4,907,649,155,245,1,1,1
200,4,863,660,229,233,1,1,1
201,4,868,658,232,235,1,1,1
202,4,914,651,146,243,1,1,1
203,4,914,651,146,241,1,1,1
204,4,914,654,145,238,1,1,1
205,4,914,658,146,235,1,1,1
206,4,914,666,147,228,1,1,1
207,4,913,669,146,224,1,1,1
208,4,914,664,145,229,1,1,1
209,4,915,656,146,237,1,1,1
210,4,914,642,146,249,1,1,1
211,4,913,637,147,255,1,1,1
212,4,913,636,147,257,1,1,1
213,4,914,640,147,253,1,1,1
214,4,914,656,141,236,1,1,1
215,4,914,652,138,240,1,1,1
216,4,911,696,144,198,1,1,1
217,4,881,720,202,175,1,1,1
218,4,871,727,218,166,1,1,1
219,4,879,748,200,147,1,1,1
220,4,913,742,137,153,1,1,1
221,4,914,729,136,164,1,1,1
222,4,914,701,137,194,1,1,1
223,4,913,683,137,212,1,1,1
224,4,875,644,195,249,1,1,1
225,4,861,634,216,252,1,1,1
226,4,853,617,237,246,1,1,1
227,4,853,614,240,231,1,1,1
228,4,858,611,237,197,1,1,1
229,4,855,611,236,189,1,1,1
230,4,861,609,215,194,1,1,1
231,4,881,608,199,203,1,1,1
232,4,910,608,134,227,1,1,1
233,4,918,609,106,242,1,1,1
234,4,928,618,91,263,1,1,1
235,4,926,625,94,271,1,1,1
236,4,920,645,113,255,1,1,1
237,4,916,655,128,245,1,1,1
238,4,919,661,126,239,1,1,1
239,4,923,668,108,232,1,1,1
240,4,926,672,101,227,1,1,1
241,4,928,674,104,221,1,1,1
242,4,925,678,112,217,1,1,1
243,4,920,681,117,209,1,1,1
244,4,919,686,124,206,1,1,1
245,4,918,687,127,206,1,1,1
246,4,919,683,121,210,1,1,1
247,4,924,662,120,230,1,1,1
248,4,925,653,112,239,1,1,1
249,4,929,641,95,237,1,1,1
250,4,928,639,94,236,1,1,1
251,4,930,638,92,235,1,1,1
252,4,930,639,90,237,1,1,1
253,4,928,641,93,238,1,1,1
254,4,926,643,95,236,1,1,1
255,4,935,646,90,234,1,1,1
256,4,934,648,98,232,1,1,1
257,4,934,650,108,223,1,1,1
258,4,932,652,110,221,1,1,1
259,4,930,657,111,216,1,1,1
260,4,929,659,109,213,1,1,1
261,4,926,662,104,210,1,1,1
262,4,928,666,102,206,1,1,1
263,4,928,679,107,194,1,1,1
264,4,927,688,107,184,1,1,1
265,4,927,694,104,176,1,1,1
266,4,928,685,100,186,1,1,1
267,4,935,662,89,209,1,1,1
268,4,936,654,86,216,1,1,1
269,4,938,640,86,218,1,1,1
270,4,938,639,91,216,1,1,1
271,4,940,636,98,221,1,1,1
272,4,941,637,103,221,1,1,1
273,4,938,641,106,217,1,1,1
274,4,937,642,109,216,1,1,1
275,4,942,639,104,218,1,1,1
276,4,940,639,109,218,1,1,1
277,4,940,641,108,212,1,1,1
278,4,939,643,109,208,1,1,1
279,4,941,649,103,204,1,1,1
280,4,940,651,103,201,1,1,1
281,4,936,654,108,198,1,1,1
282,4,937,657,106,194,1,1,1
283,4,936,669,108,182,1,1,1
284,4,934,673,109,178,1,1,1
285,4,937,666,102,185,1,1,1
286,4,937,658,100,193,1,1,1
287,4,936,639,102,211,1,1,1
288,4,940,632,94,214,1,1,1
289,4,941,624,89,219,1,1,1
290,4,940,622,88,222,1,1,1
291,4,942,625,84,228,1,1,1
292,4,942,627,81,226,1,1,1
293,4,939,633,85,222,1,1,1
294,4,939,638,90,216,1,1,1
295,4,939,638,100,215,1,1,1
296,4,940,640,99,214,1,1,1
297,4,933,644,109,209,1,1,1
298,4,936,646,105,208,1,1,1
299,4,933,649,107,205,1,1,1
300,4,932,649,105,205,1,1,1
301,4,928,653,109,201,1,1,1
302,4,926,656,111,198,1,1,1
303,4,926,663,111,191,1,1,1
304,4,926,660,109,194,1,1,1
305,4,925,647,111,207,1,1,1
306,4,925,640,109,214,1,1,1
307,4,939,630,94,222,1,1,1
308,4,938,629,91,223,1,1,1
309,4,937,627,90,231,1,1,1
310,4,937,630,91,231,1,1,1
311,4,937,636,90,228,1,1,1
312,4,938,639,92,226,1,1,1
313,4,935,641,96,224,1,1,1
314,4,934,640,93,226,1,1,1
315,4,934,639,89,226,1,1,1
316,4,935,637,88,235,1,1,1
317,4,934,639,90,237,1,1,1
318,4,932,640,91,236,1,1,1
319,4,929,637,99,238,1,1,1
320,4,926,636,103,236,1,1,1
321,4,921,642,108,235,1,1,1
322,4,920,648,111,238,1,1,1
323,4,923,656,111,230,1,1,1
324,4,924,656,114,231,1,1,1
325,4,919,655,110,233,1,1,1
326,4,919,658,113,231,1,1,1
327,4,911,656,135,233,1,1,1
328,4,911,651,133,238,1,1,1
329,4,906,640,134,249,1,1,1
330,4,886,638,158,249,1,1,1
331,4,881,639,154,254,1,1,1
332,4,914,641,119,253,1,1,1
333,4,915,646,117,250,1,1,1
334,4,895,644,134,250,1,1,1
335,4,898,641,126,252,1,1,1
336,4,906,643,119,259,1,1,1
337,4,899,637,127,265,1,1,1
338,4,885,638,168,264,1,1,1
339,4,846,651,241,252,1,1,1
340,4,844,648,240,255,1,1,1
341,4,889,644,140,265,1,1,1
342,4,923,645,88,269,1,1,1
343,4,933,648,78,265,1,1,1
344,4,926,648,89,265,1,1,1
345,4,907,650,148,263,1,1,1
346,4,893,652,169,261,1,1,1
347,4,892,659,154,255,1,1,1
348,4,910,659,130,255,1,1,1
349,4,916,659,123,261,1,1,1
350,4,918,659,116,264,1,1,1
351,4,869,661,159,268,1,1,1
352,4,855,662,171,269,1,1,1
353,4,854,664,176,269,1,1,1
354,4,856,664,173,268,1,1,1
355,4,858,664,170,268,1,1,1
356,4,861,658,164,275,1,1,1
357,4,898,661,129,272,1,1,1
358,4,907,657,126,277,1,1,1
359,4,922,651,133,281,1,1,1
360,4,931,649,119,285,1,1,1
361,4,941,652,129,282,1,1,1
362,4,941,650,171,282,1,1,1
363,4,936,643,161,289,1,1,1
364,4,931,649,155,282,1,1,1
365,4,923,656,152,276,1,1,1
366,4,897,654,186,278,1,1,1
367,4,873,657,200,276,1,1,1
368,4,872,657,187,276,1,1,1
369,4,906,661,149,273,1,1,1
370,4,917,662,143,271,1,1,1
371,4,923,662,142,273,1,1,1
372,4,931,663,139,270,1,1,1
373,4,947,662,140,271,1,1,1
374,4,947,665,149,267,1,1,1
375,4,949,667,155,266,1,1,1
376,4,959,669,144,264,1,1,1
377,4,967,669,140,265,1,1,1
378,4,987,666,133,265,1,1,1
379,4,990,669,156,265,1,1,1
380,4,993,668,154,265,1,1,1
381,4,994,670,155,263,1,1,1
382,4,993,673,160,260,1,1,1
383,4,998,680,186,251,1,1,1
384,4,999,686,198,248,1,1,1
385,4,1000,696,198,239,1,1,1
386,4,999,697,199,239,1,1,1
387,4,997,701,206,235,1,1,1
388,4,969,685,256,244,1,1,1
389,4,992,681,261,250,1,1,1
390,4,1023,691,233,240,1,1,1
391,4,1035,751,225,185,1,1,1
392,4,1039,762,223,178,1,1,1
393,4,1034,784,227,157,1,1,1
394,4,1036,798,227,145,1,1,1
395,4,1035,808,231,135,1,1,1
396,4,1035,805,234,138,1,1,1
397,4,1035,783,236,158,1,1,1
398,4,1035,769,236,172,1,1,1
399,4,1038,748,233,190,1,1,1
400,4,1041,742,227,197,1,1,1
401,4,1045,737,209,201,1,1,1
402,4,1029,737,213,199,1,1,1
403,4,1012,745,218,194,1,1,1
404,4,1012,749,235,191,1,1,1
405,4,1026,753,250,189,1,1,1
406,4,1054,752,219,189,1,1,1
407,4,1072,742,169,202,1,1,1
408,4,1071,740,151,202,1,1,1
409,4,1079,739,140,203,1,1,1
410,4,1074,736,145,206,1,1,1
411,4,1064,738,155,204,1,1,1
412,4,1059,736,160,204,1,1,1
413,4,1047,728,172,208,1,1,1
414,4,1048,722,171,213,1,1,1
415,4,1067,712,154,223,1,1,1
416,4,1080,711,143,226,1,1,1
417,4,1083,699,140,236,1,1,1
418,4,1082,688,141,248,1,1,1
419,4,1086,667,138,267,1,1,1
420,4,1094,660,128,273,1,1,1
421,4,1104,650,120,281,1,1,1
422,4,1103,647,125,280,1,1,1
423,4,1107,647,124,280,1,1,1
424,4,1107,648,127,279,1,1,1
425,4,1103,651,135,275,1,1,1
426,4,1098,659,136,265,1,1,1
427,4,1100,689,137,240,1,1,1
428,4,1102,695,134,233,1,1,1
429,4,1103,696,125,231,1,1,1
430,4,1104,696,122,232,1,1,1
431,4,1104,694,112,233,1,1,1
432,4,1105,685,106,243,1,1,1
433,4,1107,680,104,243,1,1,1
434,4,1108,686,110,235,1,1,1
435,4,1101,682,119,232,1,1,1
436,4,1103,682,115,232,1,1,1
437,4,1104,683,103,224,1,1,1
438,4,1103,685,101,219,1,1,1
439,4,1101,682,117,222,1,1,1
440,4,1092,681,147,222,1,1,1
441,4,1093,677,170,226,1,1,1
442,4,1091,677,173,226,1,1,1
443,4,1061,677,202,225,1,1,1
444,4,1067,673,195,228,1,1,1
445,4,1096,673,171,228,1,1,1
446,4,1115,670,156,230,1,1,1
447,4,1134,670,135,229,1,1,1
448,4,1147,674,117,226,1,1,1
449,4,1171,674,92,223,1,1,1
450,4,1160,676,103,221,1,1,1
451,4,1146,669,148,227,1,1,1
452,4,1130,664,188,234,1,1,1
453,4,1115,655,197,243,1,1,1
454,4,1111,653,201,245,1,1,1
455,4,1132,647,143,248,1,1,1
456,4,1135,645,112,250,1,1,1
457,4,1136,644,80,250,1,1,1
458,4,1133,642,83,254,1,1,1
459,4,1125,639,92,253,1,1,1
460,4,1123,640,94,253,1,1,1
461,4,1119,645,128,251,1,1,1
462,4,1117,651,130,245,1,1,1
463,4,1114,667,130,229,1,1,1
464,4,1113,671,128,225,1,1,1
465,4,1109,670,129,226,1,1,1
466,4,1115,670,109,227,1,1,1
467,4,1124,671,83,226,1,1,1
468,4,1127,669,84,227,1,1,1
469,4,1123,657,106,235,1,1,1
470,4,1118,651,108,241,1,1,1
471,4,1124,640,125,256,1,1,1
472,4,1107,636,144,260,1,1,1
473,4,1105,617,130,279,1,1,1
474,4,1104,614,132,282,1,1,1
475,4,1104,633,135,263,1,1,1
476,4,1110,633,134,262,1,1,1
477,4,1115,633,125,263,1,1,1
478,4,1120,634,117,261,1,1,1
479,4,1126,644,104,249,1,1,1
480,4,1120,653,108,241,1,1,1
481,4,1119,675,120,219,1,1,1
482,4,1114,679,126,215,1,1,1
483,4,1119,681,114,213,1,1,1
484,4,1118,684,112,210,1,1,1
485,4,1118,688,116,206,1,1,1
486,4,1116,690,121,203,1,1,1
487,4,1112,679,128,212,1,1,1
488,4,1114,671,126,222,1,1,1
489,4,1121,653,123,237,1,1,1
490,4,1132,649,115,238,1,1,1
491,4,1138,642,99,241,1,1,1
492,4,1138,642,105,239,1,1,1
493,4,1133,645,121,235,1,1,1
494,4,1129,644,122,236,1,1,1
495,4,1135,641,107,240,1,1,1
496,4,1132,639,107,241,1,1,1
497,4,1120,642,116,227,1,1,1
498,4,1119,646,118,230,1,1,1
499,4,1106,651,128,224,1,1,1
500,4,1109,652,122,223,1,1,1
501,4,1126,649,97,226,1,1,1
502,4,1124,648,90,231,1,1,1
503,4,1132,645,83,234,1,1,1
504,4,1129,644,91,237,1,1,1
505,4,1123,645,101,235,1,1,1
506,4,1122,647,107,233,1,1,1
507,4,1121,650,100,230,1,1,1
508,4,1117,649,105,230,1,1,1
509,4,1113,643,108,236,1,1,1
510,4,1093,643,127,237,1,1,1
511,4,1085,646,132,233,1,1,1
512,4,1086,645,129,235,1,1,1
513,4,1102,644,114,234,1,1,1
514,4,1082,646,132,234,1,1,1
515,4,1097,647,114,233,1,1,1
516,4,1101,646,106,233,1,1,1
517,4,1101,642,111,237,1,1,1
518,4,1107,639,113,240,1,1,1
519,4,1099,637,131,240,1,1,1
520,4,1096,635,142,242,1,1,1
521,4,1112,632,106,246,1,1,1
522,4,1107,632,111,245,1,1,1
523,4,1104,631,118,247,1,1,1
524,4,1100,634,128,241,1,1,1
525,4,1109,638,114,239,1,1,1
526,4,1096,643,119,234,1,1,1
527,4,1073,661,131,215,1,1,1
528,4,1070,669,125,207,1,1,1
529,4,1068,683,124,193,1,1,1
530,4,1043,688,147,188,1,1,1
531,4,1012,690,180,185,1,1,1
532,4,1003,689,190,187,1,1,1
533,4,999,678,192,198,1,1,1
534,4,995,671,196,204,1,1,1
535,4,996,659,180,216,1,1,1
536,4,997,654,164,219,1,1,1
537,4,979,644,140,227,1,1,1
538,4,971,639,128,231,1,1,1
539,4,960,634,127,233,1,1,1
540,4,956,633,127,233,1,1,1
541,4,953,631,119,234,1,1,1
542,4,949,630,119,234,1,1,1
543,4,946,630,114,234,1,1,1
544,4,943,629,115,235,1,1,1
545,4,939,629,109,234,1,1,1
557,4,946,636,77,218,1,1,1
558,4,947,639,80,214,1,1,1
559,4,947,640,83,209,1,1,1
560,4,939,639,89,210,1,1,1
561,4,926,635,106,216,1,1,1
562,4,909,635,164,225,1,1,1
563,4,902,635,200,228,1,1,1
564,4,907,636,194,227,1,1,1
565,4,948,636,122,226,1,1,1
566,4,947,636,109,213,1,1,1
567,4,948,637,109,215,1,1,1
568,4,951,637,109,214,1,1,1
569,4,955,632,108,220,1,1,1
570,4,958,631,107,221,1,1,1
571,4,962,629,103,223,1,1,1
572,4,966,628,118,234,1,1,1
573,4,969,629,119,235,1,1,1
574,4,973,631,110,234,1,1,1
575,4,977,630,107,232,1,1,1
576,4,982,632,105,229,1,1,1
577,4,977,633,111,229,1,1,1
578,4,980,634,116,229,1,1,1
579,4,983,632,117,232,1,1,1
580,4,987,629,119,234,1,1,1
581,4,990,631,113,231,1,1,1
582,4,990,640,109,224,1,1,1
583,4,990,646,114,217,1,1,1
584,4,997,645,108,218,1,1,1
585,4,999,643,102,220,1,1,1
586,4,1000,643,104,217,1,1,1
587,4,1003,644,108,217,1,1,1
588,4,1006,646,104,215,1,1,1
589,4,1004,643,110,219,1,1,1
590,4,992,637,112,226,1,1,1
591,4,991,634,110,229,1,1,1
592,4,990,631,107,230,1,1,1
593,4,989,631,107,232,1,1,1
594,4,993,631,103,231,1,1,1
595,4,995,631,103,230,1,1,1
596,4,997,634,100,227,1,1,1
597,4,998,637,97,226,1,1,1
598,4,1000,638,96,225,1,1,1
599,4,1011,638,96,224,1,1,1
600,4,1019,633,95,227,1,1,1
601,4,1021,630,106,231,1,1,1
602,4,1011,634,160,228,1,1,1
603,4,1016,634,157,228,1,1,1
604,4,1020,634,148,227,1,1,1
1,5,926,668,138,193,1,1,1
2,5,926,667,137,194,1,1,1
3,5,926,667,136,194,1,1,1
4,5,925,666,138,195,1,1,1
5,5,925,667,137,194,1,1,1
6,5,925,667,138,195,1,1,1
7,5,926,666,137,195,1,1,1
8,5,925,667,138,195,1,1,1
9,5,926,667,137,195,1,1,1
10,5,925,666,138,195,1,1,1
11,5,925,667,137,195,1,1,1
12,5,925,666,137,196,1,1,1
13,5,926,666,137,196,1,1,1
14,5,926,667,137,195,1,1,1
15,5,926,668,137,194,1,1,1
16,5,926,667,136,195,1,1,1
17,5,927,666,136,195,1,1,1
18,5,927,667,135,194,1,1,1
19,5,927,667,136,195,1,1,1
20,5,927,666,135,195,1,1,1
21,5,927,666,136,196,1,1,1
22,5,927,665,136,196,1,1,1
23,5,927,665,135,197,1,1,1
24,5,927,665,135,197,1,1,1
25,5,927,663,136,198,1,1,1
26,5,927,660,135,201,1,1,1
27,5,927,656,136,205,1,1,1
28,5,927,650,136,212,1,1,1
29,5,926,648,137,214,1,1,1
30,5,925,649,138,212,1,1,1
31,5,921,647,143,214,1,1,1
32,5,921,639,142,222,1,1,1
33,5,922,632,141,230,1,1,1
34,5,922,621,140,239,1,1,1
35,5,923,617,138,243,1,1,1
36,5,927,616,133,247,1,1,1
37,5,927,616,132,247,1,1,1
38,5,926,616,133,246,1,1,1
39,5,926,616,134,246,1,1,1
40,5,926,618,133,245,1,1,1
41,5,926,619,134,243,1,1,1
42,5,926,622,134,241,1,1,1
43,5,926,623,134,239,1,1,1
44,5,926,630,133,232,1,1,1
45,5,926,637,134,225,1,1,1
46,5,926,652,134,210,1,1,1
47,5,926,660,134,202,1,1,1
48,5,926,663,133,199,1,1,1
49,5,926,664,133,198,1,1,1
50,5,925,663,134,199,1,1,1
51,5,924,665,135,197,1,1,1
52,5,925,662,134,200,1,1,1
53,5,924,658,136,203,1,1,1
54,5,924,649,135,212,1,1,1
55,5,925,648,135,213,1,1,1
56,5,924,648,135,214,1,1,1
57,5,924,647,135,215,1,1,1
58,5,924,647,136,215,1,1,1
59,5,924,652,136,211,1,1,1
60,5,924,655,136,207,1,1,1
61,5,924,655,135,207,1,1,1
62,5,924,640,135,222,1,1,1
63,5,924,633,135,229,1,1,1
64,5,925,622,130,238,1,1,1
65,5,927,618,132,242,1,1,1
66,5,931,616,119,245,1,1,1
67,5,934,616,118,245,1,1,1
68,5,940,614,105,246,1,1,1
69,5,941,615,105,247,1,1,1
70,5,936,612,100,250,1,1,1
71,5,937,612,113,248,1,1,1
72,5,942,605,111,257,1,1,1
73,5,947,608,102,253,1,1,1
74,5,951,595,92,266,1,1,1
75,5,954,583,89,278,1,1,1
76,5,960,609,80,252,1,1,1
77,5,959,613,80,249,1,1,1
78,5,958,614,82,248,1,1,1
79,5,957,613,82,249,1,1,1
80,5,955,614,84,249,1,1,1
81,5,954,614,85,248,1,1,1
82,5,954,615,85,248,1,1,1
83,5,954,615,86,247,1,1,1
84,5,953,616,86,246,1,1,1
85,5,953,616,87,246,1,1,1
86,5,951,616,87,246,1,1,1
87,5,952,616,86,246,1,1,1
88,5,951,616,85,245,1,1,1
89,5,951,616,84,245,1,1,1
90,5,951,615,83,247,1,1,1
91,5,951,615,82,247,1,1,1
92,5,951,615,81,247,1,1,1
93,5,950,616,81,246,1,1,1
94,5,950,617,80,245,1,1,1
95,5,949,616,80,245,1,1,1
96,5,948,616,80,245,1,1,1
115,5,944,627,113,234,1,1,1
116,5,943,624,113,240,1,1,1
117,5,942,623,114,240,1,1,1
118,5,943,624,116,238,1,1,1
119,5,943,623,116,240,1,1,1
120,5,943,626,114,238,1,1,1
121,5,943,627,116,236,1,1,1
122,5,937,632,120,231,1,1,1
123,5,936,634,120,228,1,1,1
132,5,936,632,121,230,1,1,1
133,5,936,635,121,227,1,1,1
134,5,936,634,121,229,1,1,1
135,5,937,633,121,230,1,1,1
136,5,937,631,120,231,1,1,1
137,5,936,632,121,231,1,1,1
138,5,935,632,122,231,1,1,1
139,5,935,632,122,231,1,1,1
140,5,935,633,123,230,1,1,1
141,5,935,635,122,228,1,1,1
142,5,936,638,122,224,1,1,1
143,5,936,638,119,225,1,1,1
153,5,944,635,96,227,1,1,1
154,5,944,644,94,218,1,1,1
155,5,943,646,94,218,1,1,1
156,5,943,644,93,220,1,1,1
157,5,945,640,95,223,1,1,1
158,5,941,633,102,229,1,1,1
159,5,931,631,107,231,1,1,1
160,5,918,629,115,233,1,1,1
161,5,917,630,111,232,1,1,1
162,5,921,630,100,235,1,1,1
163,5,927,632,88,229,1,1,1
164,5,918,637,90,225,1,1,1
165,5,918,639,91,223,1,1,1
166,5,922,640,87,222,1,1,1
167,5,919,639,92,225,1,1,1
168,5,909,633,95,230,1,1,1
169,5,899,630,108,233,1,1,1
170,5,890,626,117,236,1,1,1
171,5,889,625,119,237,1,1,1
172,5,888,625,112,237,1,1,1
173,5,880,626,125,234,1,1,1
174,5,870,631,117,233,1,1,1
175,5,865,635,115,229,1,1,1
176,5,862,638,120,226,1,1,1
177,5,862,636,121,228,1,1,1
178,5,860,632,121,232,1,1,1
179,5,858,631,124,233,1,1,1
180,5,855,629,128,235,1,1,1
181,5,856,629,129,235,1,1,1
182,5,856,633,132,231,1,1,1
183,5,854,638,133,226,1,1,1
184,5,854,647,135,218,1,1,1
185,5,854,653,135,211,1,1,1
186,5,854,662,133,203,1,1,1
187,5,854,664,134,201,1,1,1
188,5,854,661,134,203,1,1,1
189,5,854,658,134,206,1,1,1
190,5,852,648,136,216,1,1,1
191,5,854,642,134,223,1,1,1
192,5,853,631,135,234,1,1,1
193,5,853,629,135,236,1,1,1
194,5,853,626,135,239,1,1,1
195,5,852,627,136,238,1,1,1
196,5,850,626,137,238,1,1,1
197,5,851,627,137,238,1,1,1
198,5,852,630,135,235,1,1,1
199,5,854,635,135,230,1,1,1
200,5,854,637,134,228,1,1,1
201,5,855,637,133,228,1,1,1
202,5,854,638,133,227,1,1,1
203,5,854,638,134,226,1,1,1
204,5,853,637,135,228,1,1,1
205,5,853,638,134,227,1,1,1
206,5,853,638,135,227,1,1,1
207,5,854,637,134,227,1,1,1
208,5,853,637,135,227,1,1,1
209,5,854,637,133,227,1,1,1
210,5,853,635,134,230,1,1,1
211,5,854,635,134,229,1,1,1
212,5,853,634,134,230,1,1,1
213,5,853,635,134,230,1,1,1
214,5,853,637,133,227,1,1,1
215,5,851,638,133,226,1,1,1
216,5,819,646,181,217,1,1,1
217,5,808,651,202,213,1,1,1
218,5,847,666,127,199,1,1,1
219,5,852,670,121,194,1,1,1
220,5,853,667,120,198,1,1,1
221,5,852,659,121,205,1,1,1
222,5,853,635,119,230,1,1,1
223,5,849,623,124,242,1,1,1
224,5,807,604,200,246,1,1,1
225,5,780,597,242,236,1,1,1
226,5,778,593,240,198,1,1,1
227,5,784,594,232,175,1,1,1
228,5,783,599,223,160,1,1,1
229,5,791,601,213,165,1,1,1
230,5,817,602,128,185,1,1,1
231,5,824,603,122,199,1,1,1
232,5,843,608,102,232,1,1,1
233,5,847,612,94,247,1,1,1
234,5,856,626,84,242,1,1,1
235,5,852,631,83,237,1,1,1
236,5,845,632,76,237,1,1,1
237,5,841,634,78,237,1,1,1
238,5,839,636,83,237,1,1,1
239,5,833,638,93,235,1,1,1
240,5,826,639,102,235,1,1,1
241,5,813,636,105,236,1,1,1
242,5,805,636,115,235,1,1,1
243,5,790,638,121,230,1,1,1
244,5,786,641,125,225,1,1,1
245,5,781,644,124,222,1,1,1
246,5,784,643,118,223,1,1,1
247,5,779,639,110,227,1,1,1
248,5,777,636,102,229,1,1,1
249,5,777,632,103,231,1,1,1
250,5,777,634,93,229,1,1,1
251,5,777,634,89,229,1,1,1
252,5,772,632,91,231,1,1,1
253,5,780,631,77,230,1,1,1
254,5,779,631,79,229,1,1,1
255,5,780,632,75,228,1,1,1
256,5,780,631,74,228,1,1,1
257,5,779,630,76,231,1,1,1
258,5,778,631,77,229,1,1,1
259,5,775,633,81,227,1,1,1
260,5,769,633,89,227,1,1,1
261,5,767,630,94,229,1,1,1
262,5,766,629,91,228,1,1,1
263,5,756,631,101,224,1,1,1
264,5,752,634,112,221,1,1,1
265,5,749,635,114,219,1,1,1
266,5,751,632,110,222,1,1,1
267,5,750,628,104,225,1,1,1
268,5,747,629,104,224,1,1,1
269,5,747,629,104,225,1,1,1
270,5,747,628,104,226,1,1,1
271,5,751,626,97,228,1,1,1
272,5,760,624,85,227,1,1,1
273,5,761,624,84,227,1,1,1
274,5,761,625,87,226,1,1,1
275,5,760,623,86,228,1,1,1
276,5,760,623,84,229,1,1,1
277,5,762,621,82,235,1,1,1
278,5,763,622,81,234,1,1,1
279,5,760,624,93,232,1,1,1
280,5,757,624,97,232,1,1,1
281,5,757,622,88,232,1,1,1
282,5,754,620,94,232,1,1,1
283,5,743,626,111,227,1,1,1
284,5,743,627,113,225,1,1,1
285,5,743,625,110,228,1,1,1
286,5,743,623,106,230,1,1,1
287,5,746,623,94,230,1,1,1
288,5,745,624,97,229,1,1,1
289,5,743,624,101,229,1,1,1
290,5,745,623,98,231,1,1,1
291,5,751,619,89,235,1,1,1
292,5,756,619,85,235,1,1,1
293,5,755,619,88,233,1,1,1
294,5,759,621,88,232,1,1,1
295,5,758,622,95,233,1,1,1
296,5,758,621,94,234,1,1,1
297,5,761,618,79,238,1,1,1
298,5,761,619,83,238,1,1,1
299,5,751,621,98,235,1,1,1
300,5,749,622,103,234,1,1,1
301,5,751,622,93,232,1,1,1
302,5,751,623,96,231,1,1,1
303,5,742,627,109,227,1,1,1
304,5,740,627,110,228,1,1,1
305,5,746,622,106,232,1,1,1
306,5,749,620,102,233,1,1,1
307,5,756,621,95,235,1,1,1
308,5,758,623,94,234,1,1,1
309,5,761,621,92,235,1,1,1
310,5,762,620,92,236,1,1,1
311,5,761,620,93,235,1,1,1
312,5,754,621,96,234,1,1,1
313,5,734,627,119,230,1,1,1
314,5,732,627,122,230,1,1,1
315,5,741,622,109,236,1,1,1
316,5,744,618,102,241,1,1,1
317,5,756,616,83,249,1,1,1
318,5,755,617,82,248,1,1,1
319,5,749,619,86,246,1,1,1
320,5,747,618,82,246,1,1,1
321,5,745,620,96,243,1,1,1
322,5,729,622,120,242,1,1,1
323,5,726,629,125,243,1,1,1
324,5,727,630,117,244,1,1,1
325,5,741,629,90,246,1,1,1
326,5,739,630,94,244,1,1,1
327,5,732,634,111,242,1,1,1
328,5,727,635,126,242,1,1,1
329,5,725,630,128,245,1,1,1
330,5,731,627,125,247,1,1,1
331,5,733,624,118,250,1,1,1
332,5,730,624,123,249,1,1,1
333,5,735,626,130,249,1,1,1
334,5,736,625,130,250,1,1,1
335,5,734,624,127,251,1,1,1
336,5,734,625,131,251,1,1,1
337,5,736,632,126,252,1,1,1
338,5,736,634,128,251,1,1,1
339,5,734,633,142,253,1,1,1
340,5,718,631,174,254,1,1,1
341,5,732,626,136,259,1,1,1
342,5,761,624,90,262,1,1,1
343,5,769,627,83,264,1,1,1
344,5,770,629,84,262,1,1,1
345,5,769,634,89,257,1,1,1
346,5,767,639,96,252,1,1,1
347,5,767,647,109,241,1,1,1
348,5,766,650,115,238,1,1,1
349,5,767,652,125,235,1,1,1
350,5,766,650,146,238,1,1,1
351,5,767,642,186,245,1,1,1
352,5,767,638,216,249,1,1,1
353,5,785,638,228,249,1,1,1
354,5,791,638,230,248,1,1,1
355,5,812,640,208,245,1,1,1
356,5,819,640,201,247,1,1,1
357,5,830,636,190,250,1,1,1
358,5,836,632,183,252,1,1,1
359,5,861,625,158,259,1,1,1
360,5,880,624,141,261,1,1,1
361,5,908,623,118,262,1,1,1
362,5,922,625,108,258,1,1,1
384,5,913,677,211,203,1,1,1
385,5,896,689,237,197,1,1,1
386,5,894,695,238,191,1,1,1
387,5,897,699,231,186,1,1,1
388,5,897,731,227,159,1,1,1
389,5,894,746,247,148,1,1,1
390,5,894,763,249,137,1,1,1
391,5,893,767,229,128,1,1,1
392,5,894,769,229,126,1,1,1
393,5,893,778,226,118,1,1,1
394,5,892,777,223,118,1,1,1
395,5,890,766,223,131,1,1,1
396,5,889,756,223,139,1,1,1
397,5,889,737,224,155,1,1,1
398,5,890,731,225,161,1,1,1
399,5,889,726,231,159,1,1,1
400,5,890,725,233,160,1,1,1
401,5,891,729,203,156,1,1,1
402,5,892,733,201,153,1,1,1
403,5,899,744,171,151,1,1,1
404,5,901,748,160,147,1,1,1
405,5,910,763,145,130,1,1,1
406,5,907,769,144,125,1,1,1
407,5,910,771,149,124,1,1,1
408,5,908,765,156,128,1,1,1
409,5,909,751,161,145,1,1,1
410,5,916,747,157,148,1,1,1
411,5,931,736,143,156,1,1,1
412,5,932,731,142,160,1,1,1
413,5,932,721,145,167,1,1,1
414,5,932,714,148,175,1,1,1
415,5,932,699,148,190,1,1,1
416,5,931,690,149,197,1,1,1
417,5,932,676,144,211,1,1,1
418,5,931,669,135,217,1,1,1
419,5,931,659,110,228,1,1,1
420,5,931,655,105,232,1,1,1
421,5,933,649,103,239,1,1,1
422,5,940,647,99,240,1,1,1
423,5,941,643,94,246,1,1,1
424,5,938,644,98,246,1,1,1
425,5,924,648,108,242,1,1,1
426,5,906,653,130,236,1,1,1
427,5,885,664,157,228,1,1,1
428,5,895,668,151,227,1,1,1
429,5,908,668,128,221,1,1,1
430,5,891,667,144,223,1,1,1
431,5,864,668,170,224,1,1,1
432,5,859,670,175,228,1,1,1
433,5,843,673,183,226,1,1,1
434,5,831,670,179,229,1,1,1
435,5,824,667,141,232,1,1,1
436,5,824,668,123,232,1,1,1
437,5,829,667,100,234,1,1,1
438,5,831,668,91,233,1,1,1
439,5,801,667,129,234,1,1,1
440,5,775,666,149,235,1,1,1
441,5,731,665,182,237,1,1,1
442,5,715,663,203,239,1,1,1
443,5,717,667,195,233,1,1,1
444,5,714,668,161,233,1,1,1
445,5,716,670,149,229,1,1,1
446,5,716,671,141,227,1,1,1
447,5,717,673,123,225,1,1,1
448,5,716,673,122,227,1,1,1
449,5,715,673,118,226,1,1,1
450,5,716,672,127,226,1,1,1
451,5,716,666,142,235,1,1,1
452,5,715,665,148,236,1,1,1
453,5,718,663,160,243,1,1,1
454,5,720,662,162,243,1,1,1
455,5,734,656,151,250,1,1,1
456,5,746,653,137,253,1,1,1
457,5,776,647,110,258,1,1,1
458,5,792,644,98,263,1,1,1
459,5,792,640,101,267,1,1,1
460,5,792,640,101,267,1,1,1
461,5,789,645,109,261,1,1,1
462,5,779,650,128,257,1,1,1
463,5,775,658,140,249,1,1,1
464,5,774,658,140,249,1,1,1
465,5,773,658,141,248,1,1,1
466,5,774,658,141,248,1,1,1
467,5,772,657,147,250,1,1,1
468,5,772,654,145,254,1,1,1
469,5,771,642,147,266,1,1,1
470,5,768,637,150,269,1,1,1
471,5,774,633,146,275,1,1,1
472,5,775,632,145,276,1,1,1
473,5,777,629,143,279,1,1,1
474,5,780,632,138,277,1,1,1
475,5,784,631,135,278,1,1,1
476,5,786,631,127,279,1,1,1
477,5,791,632,108,277,1,1,1
478,5,794,632,94,277,1,1,1
479,5,802,635,85,274,1,1,1
480,5,800,638,93,271,1,1,1
481,5,781,648,135,261,1,1,1
482,5,773,655,146,255,1,1,1
483,5,787,654,123,256,1,1,1
484,5,796,653,107,257,1,1,1
485,5,796,651,106,258,1,1,1
486,5,789,651,122,258,1,1,1
487,5,785,652,139,258,1,1,1
488,5,789,650,134,259,1,1,1
489,5,797,644,121,265,1,1,1
490,5,798,640,119,270,1,1,1
491,5,809,637,99,268,1,1,1
492,5,810,638,93,267,1,1,1
493,5,809,642,88,264,1,1,1
494,5,808,641,89,263,1,1,1
495,5,801,640,94,266,1,1,1
496,5,798,639,97,267,1,1,1
497,5,792,642,103,257,1,1,1
498,5,790,644,108,254,1,1,1
499,5,786,642,116,257,1,1,1
500,5,786,636,117,263,1,1,1
501,5,783,630,120,262,1,1,1
502,5,790,631,111,261,1,1,1
503,5,797,631,102,261,1,1,1
504,5,799,634,100,258,1,1,1
505,5,801,632,93,258,1,1,1
506,5,798,632,96,259,1,1,1
507,5,796,635,100,256,1,1,1
508,5,782,639,115,252,1,1,1
509,5,782,641,118,250,1,1,1
510,5,780,637,117,253,1,1,1
511,5,775,631,120,259,1,1,1
512,5,778,632,121,257,1,1,1
513,5,778,628,118,261,1,1,1
514,5,778,628,117,262,1,1,1
515,5,777,627,114,264,1,1,1
516,5,777,628,112,263,1,1,1
517,5,777,631,114,260,1,1,1
518,5,775,632,115,259,1,1,1
519,5,783,632,113,257,1,1,1
520,5,790,633,111,256,1,1,1
521,5,802,626,109,264,1,1,1
522,5,804,626,113,266,1,1,1
523,5,806,626,117,265,1,1,1
524,5,805,626,118,264,1,1,1
525,5,805,627,116,264,1,1,1
526,5,807,629,111,263,1,1,1
527,5,801,632,113,260,1,1,1
528,5,798,634,116,257,1,1,1
529,5,793,643,116,247,1,1,1
530,5,783,649,126,239,1,1,1
531,5,788,663,123,226,1,1,1
532,5,793,668,128,220,1,1,1
533,5,796,671,153,217,1,1,1
534,5,802,671,164,217,1,1,1
535,5,816,669,174,219,1,1,1
536,5,818,667,172,221,1,1,1
537,5,820,661,173,227,1,1,1
538,5,829,656,169,233,1,1,1
539,5,850,646,150,240,1,1,1
540,5,861,642,141,245,1,1,1
541,5,871,634,133,251,1,1,1
542,5,879,630,130,254,1,1,1
543,5,883,624,131,259,1,1,1
544,5,883,622,116,260,1,1,1
545,5,888,620,113,261,1,1,1
546,5,895,619,107,260,1,1,1
557,5,939,640,78,238,1,1,1
558,5,939,642,70,237,1,1,1
559,5,939,641,79,238,1,1,1
560,5,940,637,82,243,1,1,1
561,5,933,634,122,245,1,1,1
562,5,897,633,177,230,1,1,1
563,5,884,635,187,229,1,1,1
564,5,891,632,173,252,1,1,1
565,5,906,632,164,252,1,1,1
566,5,932,631,109,252,1,1,1
567,5,941,637,100,243,1,1,1
568,5,935,642,113,235,1,1,1
569,5,929,646,121,228,1,1,1
570,5,924,645,129,233,1,1,1
571,5,921,642,131,236,1,1,1
572,5,936,635,119,244,1,1,1
573,5,925,633,130,247,1,1,1
574,5,937,633,119,247,1,1,1
575,5,942,629,117,250,1,1,1
576,5,945,633,114,247,1,1,1
577,5,941,635,103,244,1,1,1
578,5,936,638,113,239,1,1,1
579,5,936,640,115,238,1,1,1
580,5,939,639,100,239,1,1,1
581,5,947,640,89,238,1,1,1
582,5,948,641,101,236,1,1,1
583,5,948,647,107,234,1,1,1
584,5,949,644,99,236,1,1,1
585,5,946,642,94,236,1,1,1
586,5,952,640,92,238,1,1,1
587,5,950,640,96,237,1,1,1
588,5,939,645,107,233,1,1,1
589,5,938,644,108,234,1,1,1
590,5,936,637,105,240,1,1,1
591,5,934,634,106,242,1,1,1
592,5,931,630,107,247,1,1,1
593,5,928,630,109,251,1,1,1
594,5,929,628,107,253,1,1,1
595,5,931,627,101,254,1,1,1
596,5,933,630,97,247,1,1,1
597,5,935,632,91,246,1,1,1
598,5,931,636,110,242,1,1,1
599,5,933,634,115,244,1,1,1
600,5,934,629,122,249,1,1,1
601,5,932,625,123,252,1,1,1
602,5,935,625,170,257,1,1,1
603,5,943,626,164,256,1,1,1
604,5,941,626,168,255,1,1,1
