1,0,1,570,102,509,1,1,1
1,2,850,493,223,427,1,1,1
1,3,1542,421,130,397,1,1,1
1,4,21,400,184,432,1,1,1
2,0,1,573,108,506,1,1,1
2,2,850,480,226,441,1,1,1
2,3,1542,421,132,396,1,1,1
2,4,28,397,174,438,1,1,1
3,0,1,571,119,507,1,1,1
3,2,858,474,213,451,1,1,1
3,3,1540,421,144,397,1,1,1
3,4,36,393,162,442,1,1,1
4,0,1,589,131,489,1,1,1
4,2,856,466,199,459,1,1,1
4,3,1554,420,141,397,1,1,1
4,4,45,399,147,439,1,1,1
5,0,1,622,125,456,1,1,1
5,2,867,471,174,460,1,1,1
5,3,1545,418,139,399,1,1,1
5,4,64,403,112,432,1,1,1
6,0,1,651,128,428,1,1,1
6,2,888,475,148,450,1,1,1
6,3,1542,415,126,403,1,1,1
6,4,69,463,105,370,1,1,1
7,0,1,649,137,429,1,1,1
7,2,928,483,111,448,1,1,1
7,3,1545,423,105,394,1,1,1
7,4,72,495,100,337,1,1,1
8,0,1,646,183,432,1,1,1
8,2,946,573,97,352,1,1,1
8,3,1540,436,127,379,1,1,1
8,4,76,493,109,339,1,1,1
9,0,9,642,234,437,1,1,1
9,2,939,574,148,352,1,1,1
9,3,1527,457,175,357,1,1,1
9,4,76,492,138,343,1,1,1
10,0,40,640,223,438,1,1,1
10,2,969,520,154,406,1,1,1
10,3,1513,471,222,345,1,1,1
10,4,78,490,145,346,1,1,1
11,0,55,637,228,441,1,1,1
11,2,976,540,160,385,1,1,1
11,3,1497,489,255,325,1,1,1
11,4,69,489,154,349,1,1,1
12,0,61,633,228,446,1,1,1
12,2,979,568,147,358,1,1,1
12,3,1486,486,262,330,1,1,1
12,4,64,489,156,351,1,1,1
13,0,67,628,214,450,1,1,1
13,2,969,547,138,378,1,1,1
13,3,1477,486,225,324,1,1,1
13,4,55,484,157,339,1,1,1
14,0,73,628,202,450,1,1,1
14,2,964,561,165,357,1,1,1
14,3,1485,484,168,324,1,1,1
14,4,57,483,148,340,1,1,1
15,0,94,633,180,446,1,1,1
15,2,994,561,151,345,1,1,1
15,3,1474,483,154,324,1,1,1
15,4,57,483,141,345,1,1,1
16,0,105,636,175,439,1,1,1
16,2,991,559,153,349,1,1,1
16,3,1471,481,156,330,1,1,1
16,4,63,480,121,354,1,1,1
17,0,121,639,172,433,1,1,1
17,2,996,556,136,352,1,1,1
17,3,1464,484,159,331,1,1,1
17,4,49,481,118,363,1,1,1
18,0,132,636,169,436,1,1,1
18,2,1005,553,112,352,1,1,1
18,3,1465,486,156,328,1,1,1
18,4,45,483,130,363,1,1,1
19,0,139,630,195,441,1,1,1
19,2,1003,549,99,354,1,1,1
19,3,1438,481,163,330,1,1,1
19,4,36,483,139,364,1,1,1
20,0,144,622,195,447,1,1,1
20,2,1006,541,78,363,1,1,1
20,3,1426,478,148,333,1,1,1
20,4,28,484,144,364,1,1,1
21,0,153,616,189,448,1,1,1
21,2,999,537,85,364,1,1,1
21,3,1416,471,126,340,1,1,1
21,4,36,486,138,363,1,1,1
22,0,174,610,175,444,1,1,1
22,2,1000,535,88,361,1,1,1
22,3,1402,463,130,348,1,1,1
22,4,37,489,139,358,1,1,1
23,0,210,606,171,441,1,1,1
23,2,994,532,97,354,1,1,1
23,3,1389,465,141,346,1,1,1
23,4,43,492,129,355,1,1,1
24,0,216,604,187,435,1,1,1
24,1,1894,634,24,429,1,1,1
24,2,991,532,91,349,1,1,1
24,3,1378,468,148,343,1,1,1
24,4,48,493,120,357,1,1,1
25,0,229,612,202,426,1,1,1
25,1,1869,636,50,427,1,1,1
25,2,988,529,81,349,1,1,1
25,3,1354,477,168,331,1,1,1
25,4,54,493,109,366,1,1,1
26,0,229,615,223,421,1,1,1
26,1,1848,636,71,424,1,1,1
26,2,987,531,81,349,1,1,1
26,3,1348,483,171,325,1,1,1
26,4,51,495,109,370,1,1,1
27,0,234,615,250,420,1,1,1
27,1,1816,636,102,414,1,1,1
27,2,984,529,82,349,1,1,1
27,3,1351,489,154,331,1,1,1
27,4,40,495,114,372,1,1,1
28,0,232,621,259,414,1,1,1
28,1,1807,634,111,394,1,1,1
28,2,979,528,85,351,1,1,1
28,3,1347,487,150,336,1,1,1
28,4,34,493,117,370,1,1,1
29,0,235,621,270,411,1,1,1
29,1,1798,613,120,403,1,1,1
29,2,978,526,82,346,1,1,1
29,3,1330,486,159,336,1,1,1
29,4,30,492,118,372,1,1,1
30,0,253,606,261,400,1,1,1
30,1,1791,604,115,412,1,1,1
30,2,976,525,78,346,1,1,1
30,3,1318,484,162,336,1,1,1
30,4,27,492,126,372,1,1,1
31,0,276,588,252,411,1,1,1
31,1,1768,592,117,414,1,1,1
31,2,969,519,82,349,1,1,1
31,3,1299,477,160,340,1,1,1
31,4,22,487,127,373,1,1,1
32,0,298,579,234,418,1,1,1
32,1,1753,577,115,424,1,1,1
32,2,966,517,81,342,1,1,1
32,3,1290,471,148,346,1,1,1
32,4,6,487,139,372,1,1,1
33,0,336,567,202,424,1,1,1
33,1,1728,567,120,423,1,1,1
33,2,960,511,81,343,1,1,1
33,3,1279,465,132,351,1,1,1
33,4,1,489,143,367,1,1,1
34,0,361,564,181,424,1,1,1
34,1,1692,561,139,423,1,1,1
34,2,957,508,81,345,1,1,1
34,3,1281,466,121,348,1,1,1
34,4,1,490,140,363,1,1,1
35,0,363,564,193,420,1,1,1
35,1,1641,553,166,423,1,1,1
35,2,952,508,78,340,1,1,1
35,3,1261,469,135,343,1,1,1
35,4,1,493,134,360,1,1,1
36,0,360,568,207,411,1,1,1
36,1,1615,547,171,430,1,1,1
36,2,949,505,78,345,1,1,1
36,3,1246,474,147,339,1,1,1
36,4,1,493,129,358,1,1,1
37,0,366,574,225,405,1,1,1
37,1,1582,535,192,441,1,1,1
37,2,939,490,82,358,1,1,1
37,3,1224,477,169,336,1,1,1
37,4,1,492,125,358,1,1,1
38,0,381,576,225,402,1,1,1
38,1,1566,517,216,459,1,1,1
38,2,933,489,85,357,1,1,1
38,3,1206,478,186,334,1,1,1
38,4,1,490,126,360,1,1,1
39,0,388,570,252,408,1,1,1
39,1,1551,513,231,462,1,1,1
39,2,928,484,87,361,1,1,1
39,3,1182,478,195,334,1,1,1
39,4,1,492,134,357,1,1,1
40,0,394,564,259,414,1,1,1
40,1,1546,502,228,457,1,1,1
40,2,925,487,87,357,1,1,1
40,3,1167,480,190,333,1,1,1
40,4,1,492,137,361,1,1,1
41,0,403,552,259,405,1,1,1
41,1,1548,484,174,469,1,1,1
41,2,921,481,87,360,1,1,1
41,3,1137,486,196,336,1,1,1
41,4,1,496,137,364,1,1,1
42,0,403,540,249,403,1,1,1
42,1,1548,463,156,486,1,1,1
42,2,912,480,82,354,1,1,1
42,3,1146,490,184,337,1,1,1
42,4,1,501,140,361,1,1,1
43,0,384,495,229,438,1,1,1
43,1,1536,420,159,523,1,1,1
43,2,903,490,82,339,1,1,1
43,3,1141,498,192,334,1,1,1
43,4,1,505,140,360,1,1,1
44,0,376,468,208,465,1,1,1
44,1,1492,424,190,508,1,1,1
44,2,892,489,93,339,1,1,1
44,3,1138,498,187,336,1,1,1
44,4,1,498,138,369,1,1,1
45,0,396,462,196,468,1,1,1
45,1,1420,399,249,528,1,1,1
45,2,870,493,109,342,1,1,1
45,3,1155,492,148,345,1,1,1
45,4,1,486,150,385,1,1,1
46,0,418,472,192,453,1,1,1
46,1,1381,405,274,520,1,1,1
46,2,864,501,121,339,1,1,1
46,3,1174,483,147,355,1,1,1
46,4,1,447,161,426,1,1,1
47,0,454,496,169,429,1,1,1
47,1,1363,426,264,508,1,1,1
47,2,859,501,121,342,1,1,1
47,3,1174,475,159,366,1,1,1
47,4,1,376,180,490,1,1,1
48,0,459,504,175,427,1,1,1
48,1,1381,439,219,498,1,1,1
48,2,861,489,108,354,1,1,1
48,3,1171,468,171,375,1,1,1
48,4,1,358,197,504,1,1,1
49,0,492,517,151,417,1,1,1
49,1,1369,448,202,492,1,1,1
49,2,867,420,100,426,1,1,1
49,3,1158,379,199,465,1,1,1
49,4,1,367,203,487,1,1,1
50,0,522,523,126,414,1,1,1
50,1,1365,457,205,484,1,1,1
50,2,874,400,114,442,1,1,1
50,3,1152,376,228,471,1,1,1
50,4,3,387,201,472,1,1,1
51,0,544,526,136,411,1,1,1
51,1,1378,465,252,480,1,1,1
51,2,870,388,132,462,1,1,1
51,3,1152,385,238,466,1,1,1
51,4,49,450,192,417,1,1,1
52,0,552,522,130,415,1,1,1
52,1,1390,471,259,475,1,1,1
52,2,867,388,145,465,1,1,1
52,3,1143,415,238,439,1,1,1
52,4,79,460,187,417,1,1,1
53,0,547,511,141,414,1,1,1
53,1,1354,466,276,481,1,1,1
53,2,856,391,154,462,1,1,1
53,3,1152,478,198,378,1,1,1
53,4,66,483,220,399,1,1,1
54,0,544,498,148,423,1,1,1
54,1,1339,463,270,486,1,1,1
54,2,859,396,145,460,1,1,1
54,3,1104,483,219,375,1,1,1
54,4,60,495,243,402,1,1,1
55,0,550,484,148,424,1,1,1
55,1,1321,435,193,507,1,1,1
55,2,859,399,120,462,1,1,1
55,3,1087,483,223,376,1,1,1
55,4,66,499,291,405,1,1,1
56,0,556,478,147,423,1,1,1
56,1,1309,412,163,499,1,1,1
56,2,859,399,121,462,1,1,1
56,3,1104,481,196,378,1,1,1
56,4,87,502,277,405,1,1,1
57,0,577,481,135,417,1,1,1
57,1,1290,427,147,492,1,1,1
57,2,855,393,124,471,1,1,1
57,3,1107,489,178,397,1,1,1
57,4,135,505,198,402,1,1,1
58,0,597,486,123,415,1,1,1
58,1,1275,450,147,471,1,1,1
58,2,850,415,129,453,1,1,1
58,3,1083,492,189,396,1,1,1
58,4,162,504,130,405,1,1,1
59,0,603,487,142,415,1,1,1
59,1,1228,484,178,433,1,1,1
59,2,850,457,124,424,1,1,1
59,3,1075,496,172,394,1,1,1
59,4,177,498,129,412,1,1,1
60,0,609,487,144,415,1,1,1
60,1,1189,496,210,421,1,1,1
60,2,850,472,130,408,1,1,1
60,3,1078,495,156,397,1,1,1
60,4,166,490,151,421,1,1,1
61,0,616,489,156,415,1,1,1
61,1,1152,505,243,418,1,1,1
61,2,843,489,145,397,1,1,1
61,3,1078,486,139,409,1,1,1
61,4,159,487,204,426,1,1,1
62,0,616,496,157,402,1,1,1
62,1,1141,510,241,418,1,1,1
62,2,838,487,144,405,1,1,1
62,3,1078,480,127,414,1,1,1
62,4,178,490,204,423,1,1,1
63,0,633,496,139,402,1,1,1
63,1,1152,513,231,414,1,1,1
63,2,831,486,144,406,1,1,1
63,3,1075,474,129,421,1,1,1
63,4,225,501,156,421,1,1,1
64,0,646,490,115,405,1,1,1
64,1,1155,513,217,415,1,1,1
64,2,825,484,145,408,1,1,1
64,3,1068,472,144,427,1,1,1
64,4,261,510,133,418,1,1,1
65,0,649,477,121,415,1,1,1
65,1,1149,511,198,411,1,1,1
65,2,826,490,150,420,1,1,1
65,3,1060,483,151,421,1,1,1
65,4,289,514,172,417,1,1,1
66,0,643,469,130,426,1,1,1
66,1,1152,513,165,412,1,1,1
66,2,823,504,160,411,1,1,1
66,3,1062,487,154,418,1,1,1
66,4,298,511,213,420,1,1,1
67,0,639,466,141,430,1,1,1
67,1,1153,513,136,412,1,1,1
67,2,819,520,166,394,1,1,1
67,3,1063,493,151,418,1,1,1
67,4,295,510,246,417,1,1,1
68,0,639,466,147,432,1,1,1
68,1,1135,516,150,411,1,1,1
68,2,832,526,139,393,1,1,1
68,3,1065,495,139,418,1,1,1
68,4,298,513,249,412,1,1,1
69,0,639,468,163,432,1,1,1
69,1,1119,517,159,411,1,1,1
69,2,823,529,157,390,1,1,1
69,3,1062,493,126,423,1,1,1
69,4,336,516,225,408,1,1,1
70,0,640,471,168,430,1,1,1
70,1,1117,528,156,400,1,1,1
70,2,817,523,169,399,1,1,1
70,3,1056,489,147,429,1,1,1
70,4,367,516,193,411,1,1,1
71,0,639,475,177,429,1,1,1
71,1,1071,532,196,397,1,1,1
71,2,766,508,228,414,1,1,1
71,3,1032,486,139,435,1,1,1
71,4,408,510,184,417,1,1,1
72,0,636,477,186,429,1,1,1
72,1,1035,534,222,397,1,1,1
72,2,777,495,222,430,1,1,1
72,3,1014,483,130,441,1,1,1
72,4,418,502,192,426,1,1,1
73,0,634,477,195,430,1,1,1
73,1,1011,529,235,405,1,1,1
73,2,750,487,249,433,1,1,1
73,3,985,483,141,444,1,1,1
73,4,420,498,220,430,1,1,1
74,0,633,475,199,436,1,1,1
74,1,997,522,241,414,1,1,1
74,2,708,486,288,429,1,1,1
74,3,969,478,147,447,1,1,1
74,4,415,493,249,433,1,1,1
75,0,631,475,208,438,1,1,1
75,1,984,516,244,423,1,1,1
75,2,718,484,274,429,1,1,1
75,3,945,480,189,447,1,1,1
75,4,412,489,282,444,1,1,1
76,0,628,475,211,441,1,1,1
76,1,975,508,241,430,1,1,1
76,2,718,484,271,430,1,1,1
76,3,928,486,186,444,1,1,1
76,4,415,486,279,450,1,1,1
77,0,627,475,208,442,1,1,1
77,1,975,504,237,439,1,1,1
77,2,708,483,280,438,1,1,1
77,3,910,493,207,444,1,1,1
77,4,426,483,288,454,1,1,1
78,0,625,474,211,447,1,1,1
78,1,970,505,241,453,1,1,1
78,2,699,481,264,441,1,1,1
78,3,892,499,228,442,1,1,1
78,4,432,481,276,459,1,1,1
79,0,622,472,220,451,1,1,1
79,1,949,502,258,459,1,1,1
79,2,706,486,237,438,1,1,1
79,3,874,502,238,445,1,1,1
79,4,445,477,259,465,1,1,1
80,0,621,472,213,453,1,1,1
80,1,939,499,264,462,1,1,1
80,2,678,498,256,426,1,1,1
80,3,856,502,238,444,1,1,1
80,4,448,472,228,471,1,1,1
81,0,618,471,207,456,1,1,1
81,1,916,493,271,469,1,1,1
81,2,723,499,192,429,1,1,1
81,3,847,498,214,448,1,1,1
81,4,451,474,198,472,1,1,1
82,0,616,468,205,460,1,1,1
82,1,894,490,277,474,1,1,1
82,2,703,496,190,433,1,1,1
82,3,838,493,211,454,1,1,1
82,4,453,474,243,474,1,1,1
83,0,618,466,190,465,1,1,1
83,1,880,498,261,468,1,1,1
83,2,708,486,183,445,1,1,1
83,3,829,495,219,456,1,1,1
83,4,456,474,250,478,1,1,1
84,0,616,465,181,468,1,1,1
84,1,876,511,264,457,1,1,1
84,2,708,480,178,450,1,1,1
84,3,825,492,220,460,1,1,1
84,4,457,474,246,480,1,1,1
85,0,619,466,174,471,1,1,1
85,1,871,535,279,438,1,1,1
85,2,705,483,183,435,1,1,1
85,3,826,492,222,466,1,1,1
85,4,456,486,237,471,1,1,1
86,0,622,466,166,471,1,1,1
86,1,868,547,292,429,1,1,1
86,2,699,496,192,417,1,1,1
86,3,829,493,238,466,1,1,1
86,4,453,505,232,454,1,1,1
87,0,628,468,175,471,1,1,1
87,1,876,562,306,417,1,1,1
87,2,717,516,180,414,1,1,1
87,3,852,498,238,462,1,1,1
87,4,457,522,252,441,1,1,1
88,0,637,474,181,466,1,1,1
88,1,928,573,276,408,1,1,1
88,2,726,544,181,394,1,1,1
88,3,865,504,222,460,1,1,1
88,4,465,534,246,432,1,1,1
89,0,646,486,187,456,1,1,1
89,1,972,577,262,405,1,1,1
89,2,715,585,244,360,1,1,1
89,3,903,526,205,441,1,1,1
89,4,475,535,238,432,1,1,1
90,0,660,495,184,450,1,1,1
90,1,1041,580,213,405,1,1,1
90,2,708,618,301,330,1,1,1
90,3,886,544,240,424,1,1,1
90,4,486,534,210,435,1,1,1
91,0,669,499,190,451,1,1,1
91,1,1065,573,207,414,1,1,1
91,2,711,669,349,280,1,1,1
91,3,904,573,241,397,1,1,1
91,4,507,532,180,436,1,1,1
92,0,679,498,190,453,1,1,1
92,1,1078,567,205,424,1,1,1
92,2,720,684,358,265,1,1,1
92,3,912,577,253,396,1,1,1
92,4,517,523,177,448,1,1,1
93,0,687,492,186,460,1,1,1
93,1,1090,553,201,441,1,1,1
93,2,724,625,334,330,1,1,1
93,3,921,577,277,400,1,1,1
93,4,526,511,172,460,1,1,1
94,0,697,481,177,475,1,1,1
94,1,1093,540,199,457,1,1,1
94,2,739,559,325,394,1,1,1
94,3,928,574,274,406,1,1,1
94,4,529,501,210,478,1,1,1
95,0,709,466,166,492,1,1,1
95,1,1096,519,189,483,1,1,1
95,2,738,424,318,531,1,1,1
95,3,937,559,265,424,1,1,1
95,4,535,489,249,495,1,1,1
96,0,709,457,166,505,1,1,1
96,1,1099,511,184,495,1,1,1
96,2,760,403,268,537,1,1,1
96,3,946,538,252,447,1,1,1
96,4,538,475,220,511,1,1,1
97,0,714,447,156,514,1,1,1
97,1,1105,501,175,507,1,1,1
97,2,757,508,324,364,1,1,1
97,3,943,511,252,477,1,1,1
97,4,550,469,211,522,1,1,1
98,0,711,444,162,520,1,1,1
98,1,1111,498,171,513,1,1,1
98,2,739,597,349,240,1,1,1
98,3,946,498,249,495,1,1,1
98,4,553,468,207,522,1,1,1
99,0,712,445,151,522,1,1,1
99,1,1114,495,171,519,1,1,1
99,2,760,595,328,243,1,1,1
99,3,951,493,246,502,1,1,1
99,4,556,472,210,522,1,1,1
100,0,706,447,160,525,1,1,1
100,1,1111,493,172,523,1,1,1
100,2,768,502,327,397,1,1,1
100,3,934,490,258,507,1,1,1
100,4,558,474,217,522,1,1,1
101,0,699,454,181,514,1,1,1
101,1,1105,495,180,522,1,1,1
101,2,778,390,316,585,1,1,1
101,3,927,495,253,505,1,1,1
101,4,558,472,220,528,1,1,1
102,0,699,453,183,505,1,1,1
102,1,1098,498,186,514,1,1,1
102,2,780,384,315,616,1,1,1
102,3,928,495,255,507,1,1,1
102,4,555,471,228,529,1,1,1
103,0,708,439,196,517,1,1,1
103,1,1078,499,205,516,1,1,1
103,2,783,501,313,529,1,1,1
103,3,934,495,253,510,1,1,1
103,4,552,475,232,526,1,1,1
104,0,711,432,214,526,1,1,1
104,1,1072,505,208,514,1,1,1
104,2,784,612,304,420,1,1,1
104,3,945,495,241,511,1,1,1
104,4,565,480,226,522,1,1,1
105,0,718,430,258,526,1,1,1
105,1,1072,508,196,517,1,1,1
105,2,775,610,313,426,1,1,1
105,3,976,495,217,511,1,1,1
105,4,570,489,222,517,1,1,1
106,0,729,438,285,522,1,1,1
106,1,1072,508,195,522,1,1,1
106,2,768,535,309,505,1,1,1
106,3,1015,493,228,501,1,1,1
106,4,574,498,217,511,1,1,1
107,0,720,460,334,505,1,1,1
107,1,1074,507,190,528,1,1,1
107,2,754,505,312,559,1,1,1
107,3,1084,511,166,487,1,1,1
107,4,580,481,207,532,1,1,1
108,0,720,469,340,496,1,1,1
108,1,1068,498,192,537,1,1,1
108,2,759,483,300,580,1,1,1
108,4,579,472,205,546,1,1,1
109,0,727,475,321,493,1,1,1
109,1,1056,469,207,570,1,1,1
109,2,742,463,289,606,1,1,1
109,3,1138,531,174,478,1,1,1
109,4,579,472,190,547,1,1,1
110,0,750,475,303,492,1,1,1
110,1,1045,447,175,597,1,1,1
110,2,714,456,322,615,1,1,1
110,3,1143,522,207,492,1,1,1
110,4,591,466,175,555,1,1,1
111,0,805,477,249,495,1,1,1
111,1,1029,400,189,645,1,1,1
111,2,682,456,337,609,1,1,1
111,3,1135,513,232,505,1,1,1
111,4,604,457,184,549,1,1,1
112,0,849,481,222,492,1,1,1
112,1,1005,391,216,658,1,1,1
112,2,637,466,361,606,1,1,1
112,3,1122,501,237,514,1,1,1
112,4,630,448,168,547,1,1,1
113,0,928,480,159,493,1,1,1
113,1,1008,408,210,645,1,1,1
113,2,607,511,354,565,1,1,1
113,3,1132,492,198,526,1,1,1
113,4,604,441,199,552,1,1,1
114,1,994,444,241,607,1,1,1
114,2,576,553,358,525,1,1,1
114,3,1126,495,175,529,1,1,1
114,4,591,444,208,550,1,1,1
115,1,961,498,277,553,1,1,1
115,2,546,588,361,490,1,1,1
115,3,1131,510,183,523,1,1,1
115,4,682,457,205,537,1,1,1
116,1,936,496,300,553,1,1,1
116,2,558,589,337,489,1,1,1
116,3,1132,526,187,519,1,1,1
116,4,697,468,216,531,1,1,1
117,0,1003,475,178,502,1,1,1
117,1,885,496,340,555,1,1,1
117,2,574,589,313,489,1,1,1
117,3,1114,525,208,544,1,1,1
117,4,699,478,249,525,1,1,1
118,0,1033,478,153,495,1,1,1
118,1,874,498,312,556,1,1,1
118,2,571,580,309,498,1,1,1
118,3,1087,504,231,575,1,1,1
118,4,703,477,262,520,1,1,1
119,0,1062,478,133,498,1,1,1
119,1,871,501,274,552,1,1,1
119,2,582,564,294,515,1,1,1
119,3,1047,499,271,579,1,1,1
119,4,721,471,244,519,1,1,1
120,1,871,510,220,532,1,1,1
120,2,589,553,280,522,1,1,1
120,3,1029,493,289,585,1,1,1
120,4,735,466,234,519,1,1,1
121,0,1095,472,199,511,1,1,1
121,1,870,513,184,528,1,1,1
121,2,610,546,252,493,1,1,1
121,3,1006,487,306,591,1,1,1
121,4,795,451,186,526,1,1,1
122,0,1107,468,201,513,1,1,1
122,1,850,508,171,531,1,1,1
122,2,630,543,216,472,1,1,1
122,3,994,477,313,602,1,1,1
122,4,823,439,217,528,1,1,1
123,0,1129,469,192,525,1,1,1
123,1,831,492,165,547,1,1,1
123,2,660,535,150,477,1,1,1
123,3,924,444,364,635,1,1,1
123,4,868,430,177,532,1,1,1
124,0,1137,469,189,523,1,1,1
124,1,838,481,174,552,1,1,1
124,2,651,528,163,486,1,1,1
124,3,894,438,372,630,1,1,1
124,4,901,430,144,528,1,1,1
125,0,1146,474,183,519,1,1,1
125,1,798,480,225,553,1,1,1
125,2,642,520,181,490,1,1,1
125,3,862,442,349,625,1,1,1
125,4,925,441,127,514,1,1,1
126,0,1152,474,178,517,1,1,1
126,1,786,480,232,552,1,1,1
126,2,600,511,232,496,1,1,1
126,3,850,450,333,629,1,1,1
126,4,946,448,235,507,1,1,1
127,0,1158,469,174,529,1,1,1
127,1,780,484,234,547,1,1,1
127,2,555,505,285,501,1,1,1
127,3,838,483,315,596,1,1,1
127,4,937,460,280,495,1,1,1
128,0,1158,466,172,541,1,1,1
128,1,789,486,219,547,1,1,1
128,2,543,504,298,495,1,1,1
128,3,808,523,313,555,1,1,1
128,4,940,463,274,492,1,1,1
129,0,1153,463,163,549,1,1,1
129,1,807,486,195,541,1,1,1
129,2,583,504,273,471,1,1,1
129,3,784,531,315,548,1,1,1
129,4,969,463,244,490,1,1,1
130,0,1141,462,159,550,1,1,1
130,1,807,492,193,532,1,1,1
130,2,660,505,204,462,1,1,1
130,3,771,531,313,548,1,1,1
130,4,985,462,226,490,1,1,1
131,0,1128,463,154,547,1,1,1
131,1,805,493,187,529,1,1,1
131,2,678,495,195,469,1,1,1
131,3,762,540,270,539,1,1,1
131,4,1003,453,208,495,1,1,1
132,0,1113,463,162,546,1,1,1
132,1,798,502,186,516,1,1,1
132,2,672,493,213,466,1,1,1
132,3,753,550,229,528,1,1,1
132,4,997,445,270,502,1,1,1
133,0,1104,460,159,546,1,1,1
133,1,787,514,184,502,1,1,1
133,2,684,493,202,459,1,1,1
133,3,723,540,214,539,1,1,1
133,4,994,438,279,508,1,1,1
134,0,1081,457,169,544,1,1,1
134,1,775,528,183,489,1,1,1
134,2,708,496,178,447,1,1,1
134,3,703,541,202,537,1,1,1
134,4,993,444,282,505,1,1,1
135,0,1030,456,210,544,1,1,1
135,1,738,549,217,453,1,1,1
135,2,733,498,154,435,1,1,1
135,3,661,553,213,525,1,1,1
135,4,999,456,289,496,1,1,1
136,0,1011,453,223,544,1,1,1
136,1,708,561,252,453,1,1,1
136,3,622,558,225,520,1,1,1
136,4,1005,468,295,492,1,1,1
137,0,1011,424,219,568,1,1,1
137,1,700,579,259,429,1,1,1
137,2,783,484,184,448,1,1,1
137,3,595,562,243,508,1,1,1
137,4,1093,474,214,493,1,1,1
138,0,1011,403,213,588,1,1,1
138,1,694,597,262,406,1,1,1
138,2,796,478,174,454,1,1,1
138,3,573,565,256,504,1,1,1
138,4,1086,474,226,493,1,1,1
139,0,1011,382,208,607,1,1,1
139,1,691,610,262,393,1,1,1
139,2,813,472,154,457,1,1,1
139,3,558,553,256,505,1,1,1
139,4,1099,477,216,490,1,1,1
140,0,1009,369,201,619,1,1,1
140,1,691,624,259,382,1,1,1
140,2,813,475,150,450,1,1,1
140,3,550,540,249,508,1,1,1
140,4,1113,480,202,486,1,1,1
141,0,1006,360,196,624,1,1,1
141,1,690,631,258,373,1,1,1
141,2,826,474,130,448,1,1,1
141,3,534,528,252,508,1,1,1
141,4,1126,471,189,502,1,1,1
142,0,1005,360,187,621,1,1,1
142,1,688,639,252,364,1,1,1
142,2,832,474,120,457,1,1,1
142,3,522,519,270,505,1,1,1
142,4,1119,447,187,532,1,1,1
143,0,997,369,196,612,1,1,1
143,1,682,643,246,358,1,1,1
143,2,832,474,117,465,1,1,1
143,3,507,519,294,496,1,1,1
143,4,1141,423,154,568,1,1,1
144,0,990,375,211,606,1,1,1
144,1,679,648,240,354,1,1,1
144,2,832,477,117,462,1,1,1
144,3,496,525,310,493,1,1,1
144,4,1147,405,148,591,1,1,1
145,0,984,388,226,592,1,1,1
145,1,676,651,229,349,1,1,1
145,2,835,478,114,460,1,1,1
145,3,486,540,327,478,1,1,1
145,4,1155,373,141,621,1,1,1
146,0,984,394,228,586,1,1,1
146,1,673,657,228,346,1,1,1
146,2,838,480,123,460,1,1,1
146,3,484,544,334,474,1,1,1
146,4,1153,375,142,619,1,1,1
147,0,982,397,240,583,1,1,1
147,1,672,658,225,346,1,1,1
147,2,844,480,118,459,1,1,1
147,3,490,552,352,466,1,1,1
147,4,1159,376,141,616,1,1,1
148,0,981,396,246,583,1,1,1
148,1,672,660,222,346,1,1,1
148,2,844,487,126,451,1,1,1
148,3,493,556,345,462,1,1,1
148,4,1159,381,166,615,1,1,1
149,0,979,397,256,583,1,1,1
149,1,670,663,219,340,1,1,1
149,2,850,495,132,453,1,1,1
149,3,502,556,319,460,1,1,1
149,4,1159,384,192,612,1,1,1
150,0,978,396,267,585,1,1,1
150,1,669,664,216,339,1,1,1
150,2,852,499,132,462,1,1,1
150,3,495,559,315,456,1,1,1
150,4,1158,382,196,615,1,1,1
151,0,978,403,277,577,1,1,1
151,1,669,664,216,339,1,1,1
151,2,852,511,139,453,1,1,1
151,3,462,529,334,472,1,1,1
151,4,1156,387,204,609,1,1,1
152,0,978,417,286,564,1,1,1
152,1,667,666,213,337,1,1,1
152,2,861,513,130,453,1,1,1
152,3,430,502,373,501,1,1,1
152,4,1150,402,204,594,1,1,1
153,0,969,441,306,541,1,1,1
153,1,654,666,220,339,1,1,1
153,2,862,511,124,453,1,1,1
153,3,414,477,396,526,1,1,1
153,4,1129,360,225,637,1,1,1
154,0,963,459,316,522,1,1,1
154,1,648,663,220,340,1,1,1
154,2,862,504,120,460,1,1,1
154,3,423,451,393,552,1,1,1
154,4,1125,354,244,640,1,1,1
155,0,963,465,307,514,1,1,1
155,1,643,666,217,337,1,1,1
155,2,859,490,120,472,1,1,1
155,3,474,429,349,573,1,1,1
155,4,1120,370,264,624,1,1,1
156,0,943,466,318,514,1,1,1
156,1,645,666,220,336,1,1,1
156,2,853,480,126,483,1,1,1
156,3,531,409,297,594,1,1,1
156,4,1119,399,273,595,1,1,1
157,0,862,468,393,514,1,1,1
157,1,646,666,216,336,1,1,1
157,2,849,418,132,544,1,1,1
157,3,588,405,244,600,1,1,1
157,4,1137,468,261,525,1,1,1
158,0,855,465,405,519,1,1,1
158,1,646,663,213,340,1,1,1
158,2,844,442,138,531,1,1,1
158,3,582,412,250,594,1,1,1
158,4,1104,486,295,508,1,1,1
159,0,835,463,412,520,1,1,1
159,1,643,667,220,337,1,1,1
159,2,840,403,148,585,1,1,1
159,3,565,420,268,573,1,1,1
159,4,1108,481,291,511,1,1,1
160,0,832,463,409,520,1,1,1
160,1,640,666,220,340,1,1,1
160,2,835,402,156,598,1,1,1
160,3,538,448,313,541,1,1,1
160,4,1108,477,286,517,1,1,1
161,0,817,459,420,523,1,1,1
161,1,624,664,228,343,1,1,1
161,2,832,424,150,592,1,1,1
161,3,505,472,376,507,1,1,1
161,4,1110,472,268,522,1,1,1
162,0,814,465,420,519,1,1,1
162,1,616,663,226,343,1,1,1
162,2,829,453,141,567,1,1,1
162,3,481,457,391,508,1,1,1
162,4,1113,469,259,523,1,1,1
163,0,831,465,387,519,1,1,1
163,1,610,666,223,339,1,1,1
163,2,835,529,115,493,1,1,1
163,3,456,454,438,498,1,1,1
163,4,1116,468,244,526,1,1,1
164,0,798,463,405,520,1,1,1
164,1,604,669,223,334,1,1,1
164,2,820,588,135,429,1,1,1
164,3,450,454,444,484,1,1,1
164,4,1113,466,237,528,1,1,1
165,0,789,462,396,520,1,1,1
165,1,597,667,223,337,1,1,1
165,2,811,607,193,409,1,1,1
165,3,438,454,447,478,1,1,1
165,4,1104,465,237,529,1,1,1
166,0,781,462,387,522,1,1,1
166,1,595,664,219,340,1,1,1
166,2,805,618,216,402,1,1,1
166,3,435,456,438,478,1,1,1
166,4,1096,465,244,528,1,1,1
167,0,774,460,379,522,1,1,1
167,1,594,663,217,345,1,1,1
167,2,796,631,168,387,1,1,1
167,3,430,456,430,486,1,1,1
167,4,1086,466,249,528,1,1,1
168,0,766,460,408,523,1,1,1
168,1,591,661,216,346,1,1,1
168,2,795,643,172,376,1,1,1
168,3,430,457,412,496,1,1,1
168,4,1075,466,253,526,1,1,1
169,0,756,459,438,525,1,1,1
169,1,588,657,217,349,1,1,1
169,2,802,666,172,403,1,1,1
169,3,439,457,373,516,1,1,1
169,4,1065,468,262,526,1,1,1
170,0,757,457,418,526,1,1,1
170,1,582,652,219,354,1,1,1
170,2,795,685,183,382,1,1,1
170,3,442,459,352,520,1,1,1
170,4,1057,468,265,525,1,1,1
171,0,813,453,346,528,1,1,1
171,1,576,649,223,355,1,1,1
171,2,778,718,174,349,1,1,1
171,3,453,427,279,565,1,1,1
171,4,1051,468,268,525,1,1,1
172,0,844,450,315,531,1,1,1
172,1,570,651,222,354,1,1,1
172,2,772,733,210,334,1,1,1
172,3,463,403,256,598,1,1,1
172,4,1044,468,274,525,1,1,1
173,0,871,450,291,531,1,1,1
173,1,564,652,220,354,1,1,1
173,2,775,757,294,310,1,1,1
173,3,474,400,228,606,1,1,1
173,4,1035,468,277,525,1,1,1
174,0,885,448,273,532,1,1,1
174,1,562,651,220,355,1,1,1
174,2,777,763,318,304,1,1,1
174,3,417,427,268,577,1,1,1
174,4,1030,468,276,525,1,1,1
175,0,912,448,240,532,1,1,1
175,1,561,645,222,360,1,1,1
175,2,775,768,256,297,1,1,1
175,3,304,490,364,513,1,1,1
175,4,1030,466,274,526,1,1,1
176,0,927,448,223,532,1,1,1
176,1,562,642,222,363,1,1,1
176,2,772,769,193,298,1,1,1
176,3,216,496,448,507,1,1,1
176,4,1024,468,282,526,1,1,1
177,0,931,448,223,532,1,1,1
177,1,562,639,220,366,1,1,1
177,2,771,723,154,356,1,1,1
177,3,220,499,424,505,1,1,1
177,4,1017,468,289,525,1,1,1
178,0,933,448,231,532,1,1,1
178,1,564,637,222,367,1,1,1
178,2,742,657,186,422,1,1,1
178,3,243,480,396,526,1,1,1
178,4,1017,469,295,523,1,1,1
179,0,939,448,234,532,1,1,1
179,1,564,627,225,378,1,1,1
179,2,736,604,183,474,1,1,1
179,3,289,453,357,556,1,1,1
179,4,1018,471,298,519,1,1,1
180,0,939,448,228,532,1,1,1
180,1,556,619,234,385,1,1,1
180,2,732,603,190,476,1,1,1
180,3,297,429,412,577,1,1,1
180,4,1038,475,282,511,1,1,1
181,0,943,451,205,529,1,1,1
181,1,543,606,246,400,1,1,1
181,2,736,582,189,497,1,1,1
181,3,286,408,370,595,1,1,1
181,4,1042,487,270,499,1,1,1
182,0,948,453,186,529,1,1,1
182,1,534,598,252,406,1,1,1
182,2,741,571,186,507,1,1,1
182,3,274,393,379,612,1,1,1
182,4,1053,495,274,493,1,1,1
183,0,954,454,171,529,1,1,1
183,1,519,576,268,429,1,1,1
183,2,742,568,193,510,1,1,1
183,3,264,393,319,616,1,1,1
183,4,1065,508,319,478,1,1,1
184,0,958,454,162,528,1,1,1
184,1,511,564,277,441,1,1,1
184,2,744,564,222,515,1,1,1
184,3,264,399,286,606,1,1,1
184,4,1092,513,315,474,1,1,1
185,0,960,456,154,526,1,1,1
185,1,502,543,280,462,1,1,1
185,2,747,561,268,518,1,1,1
185,3,262,405,282,595,1,1,1
185,4,1119,511,297,475,1,1,1
186,0,960,456,139,523,1,1,1
186,1,495,529,273,475,1,1,1
186,2,748,558,291,521,1,1,1
186,3,262,408,274,594,1,1,1
186,4,1116,505,301,480,1,1,1
187,0,978,454,124,523,1,1,1
187,1,495,505,241,496,1,1,1
187,2,748,558,313,521,1,1,1
187,3,265,403,217,595,1,1,1
187,4,1117,492,301,492,1,1,1
188,0,990,453,115,522,1,1,1
188,1,501,492,204,507,1,1,1
188,2,747,556,313,520,1,1,1
188,3,267,396,165,594,1,1,1
188,4,1131,483,286,499,1,1,1
189,0,994,454,123,531,1,1,1
189,1,510,472,160,523,1,1,1
189,2,769,568,291,496,1,1,1
189,3,270,384,130,604,1,1,1
189,4,1188,466,226,513,1,1,1
190,0,996,457,127,532,1,1,1
190,1,517,463,151,529,1,1,1
190,2,763,577,273,477,1,1,1
190,3,268,375,127,610,1,1,1
190,4,1221,460,189,513,1,1,1
191,0,1000,459,129,522,1,1,1
191,1,531,457,139,529,1,1,1
191,2,765,601,247,445,1,1,1
191,3,250,381,142,598,1,1,1
191,4,1249,454,157,511,1,1,1
192,0,1003,460,126,517,1,1,1
192,1,537,439,139,544,1,1,1
192,2,772,633,228,409,1,1,1
192,3,255,388,133,589,1,1,1
192,4,1257,451,145,507,1,1,1
193,0,1005,454,130,514,1,1,1
193,1,538,411,147,559,1,1,1
193,2,760,648,214,384,1,1,1
193,3,261,379,121,585,1,1,1
193,4,1264,414,144,531,1,1,1
194,0,1006,448,135,516,1,1,1
194,1,537,400,154,558,1,1,1
194,2,753,636,210,382,1,1,1
194,3,262,369,117,583,1,1,1
194,4,1272,400,136,532,1,1,1
195,0,1000,451,136,517,1,1,1
195,1,528,396,168,561,1,1,1
195,2,744,631,195,382,1,1,1
195,3,247,370,124,577,1,1,1
195,4,1278,405,135,523,1,1,1
196,0,1002,454,136,514,1,1,1
196,1,522,400,181,553,1,1,1
196,2,739,631,187,381,1,1,1
196,3,228,379,139,565,1,1,1
196,4,1279,417,133,510,1,1,1
197,0,1005,457,138,508,1,1,1
197,1,519,411,193,540,1,1,1
197,2,738,627,178,382,1,1,1
197,3,207,403,154,544,1,1,1
197,4,1287,412,129,511,1,1,1
198,0,1009,460,139,502,1,1,1
198,1,519,426,193,523,1,1,1
198,2,741,621,177,385,1,1,1
198,3,205,423,153,522,1,1,1
198,4,1293,408,130,513,1,1,1
199,0,1011,483,142,477,1,1,1
199,1,523,447,181,499,1,1,1
199,2,736,625,181,381,1,1,1
199,3,205,462,145,481,1,1,1
199,4,1299,405,133,514,1,1,1
200,0,1014,486,145,472,1,1,1
200,1,525,447,171,496,1,1,1
200,2,738,631,180,372,1,1,1
200,3,205,468,141,472,1,1,1
200,4,1300,400,132,517,1,1,1
201,0,1021,517,144,441,1,1,1
201,1,523,459,160,484,1,1,1
201,2,738,639,178,361,1,1,1
201,3,201,490,138,445,1,1,1
201,4,1309,406,135,511,1,1,1
202,0,1024,532,141,426,1,1,1
202,1,526,483,150,459,1,1,1
202,2,738,655,184,348,1,1,1
202,3,198,525,136,409,1,1,1
202,4,1311,412,142,505,1,1,1
203,0,1027,553,138,405,1,1,1
203,1,528,525,130,420,1,1,1
203,2,733,676,190,328,1,1,1
203,3,198,589,130,340,1,1,1
203,4,1314,429,150,489,1,1,1
204,0,1030,588,133,370,1,1,1
204,1,531,553,117,388,1,1,1
204,2,735,733,186,273,1,1,1
204,3,195,621,130,307,1,1,1
204,4,1315,472,157,447,1,1,1
205,0,1035,639,127,318,1,1,1
205,1,529,592,112,348,1,1,1
205,2,742,760,172,244,1,1,1
205,3,184,643,130,288,1,1,1
205,4,1315,516,159,403,1,1,1
206,0,1039,669,124,288,1,1,1
206,1,528,621,111,322,1,1,1
206,2,751,765,156,240,1,1,1
206,3,181,655,124,274,1,1,1
206,4,1317,546,153,373,1,1,1
207,0,1041,682,124,274,1,1,1
207,1,528,661,109,283,1,1,1
207,2,754,765,138,241,1,1,1
207,3,177,660,124,273,1,1,1
207,4,1320,580,153,340,1,1,1
208,0,1042,682,118,276,1,1,1
208,1,525,660,112,285,1,1,1
208,2,760,760,135,250,1,1,1
208,3,166,661,135,270,1,1,1
208,4,1323,597,153,322,1,1,1
209,0,1039,685,115,271,1,1,1
209,1,522,658,118,285,1,1,1
209,2,757,750,147,262,1,1,1
209,3,168,651,133,280,1,1,1
209,4,1326,613,153,307,1,1,1
210,0,1036,682,112,276,1,1,1
210,1,519,655,130,288,1,1,1
210,2,756,741,151,264,1,1,1
210,3,165,643,133,288,1,1,1
210,4,1324,610,136,309,1,1,1
211,0,1032,673,118,283,1,1,1
211,1,511,651,145,292,1,1,1
211,2,747,718,165,288,1,1,1
211,3,160,619,141,310,1,1,1
211,4,1315,592,145,327,1,1,1
212,0,1027,663,124,295,1,1,1
212,1,507,648,153,297,1,1,1
212,2,747,679,162,327,1,1,1
212,3,157,597,144,331,1,1,1
212,4,1317,574,145,345,1,1,1
213,0,1020,630,130,328,1,1,1
213,1,498,643,166,300,1,1,1
213,2,745,618,165,388,1,1,1
213,3,153,531,148,399,1,1,1
213,4,1314,540,150,381,1,1,1
214,0,1012,594,139,363,1,1,1
214,1,489,634,178,309,1,1,1
214,2,754,592,162,414,1,1,1
214,3,154,499,147,432,1,1,1
214,4,1312,508,154,411,1,1,1
215,0,1005,544,151,414,1,1,1
215,1,477,616,193,327,1,1,1
215,2,751,550,163,454,1,1,1
215,3,147,472,156,459,1,1,1
215,4,1312,478,156,442,1,1,1
216,0,997,511,163,445,1,1,1
216,1,466,582,207,361,1,1,1
216,2,750,532,169,469,1,1,1
216,3,141,465,165,462,1,1,1
216,4,1314,457,154,462,1,1,1
217,0,991,489,178,468,1,1,1
217,1,450,540,223,403,1,1,1
217,2,745,526,177,478,1,1,1
217,3,133,463,178,465,1,1,1
217,4,1315,441,154,478,1,1,1
218,0,987,484,192,471,1,1,1
218,1,435,523,237,420,1,1,1
218,2,741,523,181,484,1,1,1
218,3,129,468,186,462,1,1,1
218,4,1318,441,154,480,1,1,1
219,0,981,483,205,474,1,1,1
219,1,415,514,255,429,1,1,1
219,2,738,526,193,483,1,1,1
219,3,126,469,184,460,1,1,1
219,4,1318,441,154,481,1,1,1
220,0,982,486,210,474,1,1,1
220,1,394,511,270,441,1,1,1
220,2,738,525,202,483,1,1,1
220,3,124,465,190,462,1,1,1
220,4,1315,451,159,472,1,1,1
221,0,984,489,207,475,1,1,1
221,1,378,510,270,451,1,1,1
221,2,733,528,210,477,1,1,1
221,3,127,457,193,471,1,1,1
221,4,1311,475,177,450,1,1,1
222,0,990,492,201,477,1,1,1
222,1,370,508,270,465,1,1,1
222,2,730,540,207,463,1,1,1
222,3,130,457,181,474,1,1,1
222,4,1305,489,196,436,1,1,1
223,0,1003,499,195,475,1,1,1
223,1,376,508,256,463,1,1,1
223,2,729,552,202,460,1,1,1
223,3,132,469,178,469,1,1,1
223,4,1294,501,249,426,1,1,1
224,0,1015,510,190,469,1,1,1
224,1,382,514,243,460,1,1,1
224,2,727,561,165,454,1,1,1
224,3,136,472,165,472,1,1,1
224,4,1291,504,277,423,1,1,1
225,0,1035,487,183,490,1,1,1
225,1,387,507,228,468,1,1,1
225,2,730,567,153,450,1,1,1
225,3,141,469,150,474,1,1,1
225,4,1297,498,300,429,1,1,1
226,0,1039,453,190,525,1,1,1
226,1,390,474,219,501,1,1,1
226,2,745,564,144,451,1,1,1
226,3,141,475,147,468,1,1,1
226,4,1312,489,303,438,1,1,1
227,0,1044,426,207,549,1,1,1
227,1,384,441,217,531,1,1,1
227,2,775,538,120,474,1,1,1
227,3,138,480,150,462,1,1,1
227,4,1344,469,285,451,1,1,1
228,0,1047,423,210,549,1,1,1
228,1,382,442,226,528,1,1,1
228,2,786,517,115,492,1,1,1
228,3,133,484,156,456,1,1,1
228,4,1347,454,291,441,1,1,1
229,0,1051,447,211,558,1,1,1
229,1,369,489,235,478,1,1,1
229,2,789,427,130,534,1,1,1
229,3,133,484,169,454,1,1,1
229,4,1350,436,292,499,1,1,1
230,0,1053,484,216,531,1,1,1
230,1,355,496,225,505,1,1,1
230,2,792,415,144,534,1,1,1
230,3,141,475,181,465,1,1,1
230,4,1353,441,283,507,1,1,1
231,0,1047,504,229,526,1,1,1
231,1,352,513,210,523,1,1,1
231,2,796,420,157,574,1,1,1
231,3,139,465,202,471,1,1,1
231,4,1353,465,276,486,1,1,1
232,0,1038,495,232,538,1,1,1
232,1,342,529,201,508,1,1,1
232,2,795,442,157,565,1,1,1
232,3,141,411,193,522,1,1,1
232,4,1353,462,267,490,1,1,1
233,0,1029,525,243,507,1,1,1
233,1,312,553,232,486,1,1,1
233,2,807,454,175,552,1,1,1
233,3,124,403,217,549,1,1,1
233,4,1329,480,280,474,1,1,1
234,0,1009,552,258,483,1,1,1
234,1,280,561,270,480,1,1,1
234,2,808,493,196,514,1,1,1
234,3,106,418,226,541,1,1,1
234,4,1311,505,291,445,1,1,1
235,0,987,546,270,486,1,1,1
235,1,300,559,267,480,1,1,1
235,2,789,516,247,492,1,1,1
235,3,90,459,250,513,1,1,1
235,4,1302,516,297,435,1,1,1
236,0,991,537,259,493,1,1,1
236,1,313,552,265,484,1,1,1
236,2,769,538,291,468,1,1,1
236,3,76,489,265,498,1,1,1
236,4,1308,514,292,436,1,1,1
237,0,1026,532,238,529,1,1,1
237,1,357,537,241,511,1,1,1
237,2,729,525,339,478,1,1,1
237,3,48,505,265,481,1,1,1
237,4,1347,513,273,465,1,1,1
238,0,1060,535,211,540,1,1,1
238,1,384,532,232,534,1,1,1
238,2,703,522,363,478,1,1,1
238,3,25,498,273,489,1,1,1
238,4,1386,511,255,480,1,1,1
239,0,1087,553,196,525,1,1,1
239,1,426,543,204,536,1,1,1
239,2,717,526,339,480,1,1,1
239,3,34,484,246,502,1,1,1
239,4,1444,516,226,481,1,1,1
240,0,1111,568,181,510,1,1,1
240,1,445,522,190,557,1,1,1
240,2,727,538,322,483,1,1,1
240,3,48,475,261,511,1,1,1
240,4,1483,519,211,477,1,1,1
241,0,1159,574,168,504,1,1,1
241,1,466,474,175,605,1,1,1
241,2,763,558,276,468,1,1,1
241,3,91,484,282,499,1,1,1
241,4,1531,492,184,504,1,1,1
242,0,1171,523,174,555,1,1,1
242,1,487,456,169,623,1,1,1
242,2,799,567,237,459,1,1,1
242,3,121,493,271,490,1,1,1
242,4,1546,507,184,489,1,1,1
243,0,1171,493,228,585,1,1,1
243,1,496,430,196,648,1,1,1
243,2,840,576,216,442,1,1,1
243,3,123,513,298,471,1,1,1
243,4,1561,451,184,538,1,1,1
244,0,1176,453,244,626,1,1,1
244,1,504,402,204,677,1,1,1
244,2,867,570,231,445,1,1,1
244,3,124,492,285,490,1,1,1
244,4,1575,421,175,564,1,1,1
245,0,1219,424,222,654,1,1,1
245,1,553,388,169,690,1,1,1
245,2,855,552,279,457,1,1,1
245,3,117,453,244,541,1,1,1
245,4,1588,393,171,597,1,1,1
246,0,1257,417,210,662,1,1,1
246,1,570,388,171,690,1,1,1
246,2,844,540,294,471,1,1,1
246,3,117,426,237,562,1,1,1
246,4,1591,384,201,606,1,1,1
247,0,1285,423,253,656,1,1,1
247,1,588,405,207,674,1,1,1
247,2,855,526,289,474,1,1,1
247,3,135,405,213,579,1,1,1
247,4,1596,387,231,603,1,1,1
248,0,1293,438,279,641,1,1,1
248,1,597,424,235,654,1,1,1
248,2,870,523,247,468,1,1,1
248,3,139,403,199,579,1,1,1
248,4,1587,396,249,592,1,1,1
249,0,1278,457,318,621,1,1,1
249,1,585,435,279,643,1,1,1
249,2,942,486,162,499,1,1,1
249,3,154,405,190,580,1,1,1
249,4,1573,405,264,591,1,1,1
250,0,1272,462,313,617,1,1,1
250,1,582,441,274,638,1,1,1
250,2,954,457,153,520,1,1,1
250,3,159,405,189,585,1,1,1
250,4,1558,402,255,586,1,1,1
251,0,1270,471,279,600,1,1,1
251,1,579,444,265,635,1,1,1
251,2,979,436,141,535,1,1,1
251,3,171,415,189,574,1,1,1
251,4,1554,399,240,583,1,1,1
252,0,1288,475,282,586,1,1,1
252,1,601,439,235,636,1,1,1
252,2,996,426,132,543,1,1,1
252,3,172,436,210,550,1,1,1
252,4,1578,399,195,577,1,1,1
253,0,1365,517,246,538,1,1,1
253,1,663,420,166,646,1,1,1
253,2,994,423,159,534,1,1,1
253,3,172,481,249,498,1,1,1
253,4,1623,397,151,571,1,1,1
254,0,1372,534,270,525,1,1,1
254,1,690,427,145,633,1,1,1
254,2,987,423,190,528,1,1,1
254,3,160,514,292,462,1,1,1
254,4,1623,397,159,573,1,1,1
255,0,1386,544,276,520,1,1,1
255,1,706,439,160,618,1,1,1
255,2,975,424,225,526,1,1,1
255,3,142,552,349,430,1,1,1
255,4,1635,411,180,559,1,1,1
256,0,1399,558,285,505,1,1,1
256,1,712,435,172,618,1,1,1
256,2,964,423,235,526,1,1,1
256,3,138,556,336,424,1,1,1
256,4,1621,421,226,547,1,1,1
257,0,1411,562,286,499,1,1,1
257,1,715,475,198,576,1,1,1
257,2,967,418,219,528,1,1,1
257,3,151,561,268,418,1,1,1
257,4,1608,448,244,528,1,1,1
258,0,1417,562,279,498,1,1,1
258,1,712,493,228,555,1,1,1
258,2,1015,414,181,529,1,1,1
258,3,148,561,226,414,1,1,1
258,4,1593,471,273,492,1,1,1
259,0,1423,564,255,496,1,1,1
259,1,697,559,283,507,1,1,1
259,2,1032,423,186,517,1,1,1
259,3,157,540,226,432,1,1,1
259,4,1581,498,331,460,1,1,1
260,0,1419,561,253,499,1,1,1
260,1,684,580,303,489,1,1,1
260,2,1032,444,192,486,1,1,1
260,3,193,520,202,451,1,1,1
260,4,1594,487,324,466,1,1,1
261,0,1435,544,232,513,1,1,1
261,1,742,591,237,478,1,1,1
261,2,1045,486,169,444,1,1,1
261,3,168,511,243,460,1,1,1
261,4,1651,472,267,472,1,1,1
262,0,1452,546,232,510,1,1,1
262,1,763,585,196,483,1,1,1
262,2,1053,517,163,420,1,1,1
262,3,159,504,253,468,1,1,1
262,4,1645,472,217,472,1,1,1
263,0,1486,543,207,511,1,1,1
263,1,804,573,174,493,1,1,1
263,2,1062,517,175,423,1,1,1
263,3,162,496,240,475,1,1,1
263,4,1657,477,190,466,1,1,1
264,0,1477,544,219,511,1,1,1
264,1,829,562,124,504,1,1,1
264,2,1063,526,187,415,1,1,1
264,3,166,496,238,474,1,1,1
264,4,1666,480,181,460,1,1,1
265,0,1483,555,207,502,1,1,1
265,1,793,540,195,522,1,1,1
265,2,1065,525,199,412,1,1,1
265,3,186,492,262,477,1,1,1
265,4,1686,478,184,460,1,1,1
266,0,1498,552,178,504,1,1,1
266,1,780,523,238,532,1,1,1
266,2,1053,523,214,414,1,1,1
266,3,193,492,261,474,1,1,1
266,4,1689,475,201,463,1,1,1
267,0,1512,549,211,505,1,1,1
267,1,786,513,261,535,1,1,1
267,2,1032,513,222,420,1,1,1
267,3,210,493,250,472,1,1,1
267,4,1710,480,201,454,1,1,1
268,0,1512,544,237,507,1,1,1
268,1,799,511,259,508,1,1,1
268,2,1018,510,222,417,1,1,1
268,3,217,499,238,454,1,1,1
268,4,1722,480,193,448,1,1,1
269,0,1530,544,255,505,1,1,1
269,1,829,523,235,514,1,1,1
269,2,1012,513,219,421,1,1,1
269,3,217,511,225,439,1,1,1
269,4,1713,481,198,451,1,1,1
270,0,1543,550,250,496,1,1,1
270,1,847,535,214,504,1,1,1
270,2,1002,516,228,417,1,1,1
270,3,225,516,217,432,1,1,1
270,4,1722,484,197,447,1,1,1
271,0,1539,553,250,481,1,1,1
271,1,849,550,231,495,1,1,1
271,2,990,513,253,417,1,1,1
271,3,237,504,210,442,1,1,1
271,4,1726,489,192,444,1,1,1
272,0,1554,547,205,489,1,1,1
272,1,849,553,250,492,1,1,1
272,2,1005,499,241,429,1,1,1
272,3,244,493,205,451,1,1,1
272,4,1723,480,195,451,1,1,1
273,0,1579,526,147,505,1,1,1
273,1,843,540,271,502,1,1,1
273,2,1012,483,231,444,1,1,1
273,3,249,475,199,463,1,1,1
273,4,1723,469,195,457,1,1,1
274,0,1569,519,154,513,1,1,1
274,1,840,525,274,516,1,1,1
274,2,985,474,247,451,1,1,1
274,3,261,471,186,462,1,1,1
274,4,1731,457,188,468,1,1,1
275,0,1570,507,157,517,1,1,1
275,1,832,505,250,529,1,1,1
275,2,1014,466,195,451,1,1,1
275,3,279,469,165,453,1,1,1
275,4,1749,453,170,463,1,1,1
276,0,1578,505,154,505,1,1,1
276,1,828,496,235,531,1,1,1
276,2,1018,465,172,448,1,1,1
276,3,291,480,181,436,1,1,1
276,4,1762,451,156,462,1,1,1
277,0,1581,514,187,495,1,1,1
277,1,838,493,220,514,1,1,1
277,2,1036,471,181,439,1,1,1
277,3,313,499,208,414,1,1,1
277,4,1791,465,128,447,1,1,1
278,0,1585,523,207,487,1,1,1
278,1,855,498,223,513,1,1,1
278,2,1041,480,198,429,1,1,1
278,3,310,499,229,415,1,1,1
278,4,1798,474,120,426,1,1,1
279,0,1576,532,249,475,1,1,1
279,1,864,514,235,498,1,1,1
279,2,1030,490,213,420,1,1,1
279,3,298,487,249,429,1,1,1
279,4,1801,469,117,426,1,1,1
280,0,1575,531,247,474,1,1,1
280,1,852,522,247,487,1,1,1
280,2,1032,486,204,417,1,1,1
280,3,283,468,255,442,1,1,1
280,4,1800,453,119,439,1,1,1
281,0,1564,507,231,492,1,1,1
281,1,841,511,214,495,1,1,1
281,2,1020,456,187,442,1,1,1
281,3,274,436,232,468,1,1,1
281,4,1776,426,143,459,1,1,1
282,0,1548,478,219,514,1,1,1
282,1,816,493,195,505,1,1,1
282,2,1009,439,174,456,1,1,1
282,3,264,418,211,475,1,1,1
282,4,1761,406,158,472,1,1,1
283,0,1522,456,177,522,1,1,1
283,1,778,469,214,519,1,1,1
283,2,987,414,175,463,1,1,1
283,3,247,400,213,472,1,1,1
283,4,1744,358,174,499,1,1,1
284,0,1506,450,193,517,1,1,1
284,1,756,457,223,510,1,1,1
284,2,976,379,156,481,1,1,1
284,3,235,373,205,490,1,1,1
284,4,1731,306,188,549,1,1,1
285,0,1483,447,210,531,1,1,1
285,1,717,361,187,612,1,1,1
285,2,960,342,141,525,1,1,1
285,3,217,336,172,555,1,1,1
285,4,1711,301,195,556,1,1,1
286,0,1465,450,187,523,1,1,1
286,1,670,298,222,678,1,1,1
286,2,946,319,138,546,1,1,1
286,3,199,361,142,532,1,1,1
286,4,1686,298,214,558,1,1,1
287,0,1447,393,195,574,1,1,1
287,1,627,352,226,627,1,1,1
287,2,930,313,141,550,1,1,1
287,3,166,330,150,561,1,1,1
287,4,1608,292,286,562,1,1,1
288,0,1446,379,187,586,1,1,1
288,1,604,364,238,612,1,1,1
288,2,916,321,144,540,1,1,1
288,3,145,333,162,550,1,1,1
288,4,1587,343,300,508,1,1,1
289,0,1428,348,184,616,1,1,1
289,1,580,382,238,594,1,1,1
289,2,870,315,165,543,1,1,1
289,3,118,349,169,532,1,1,1
289,4,1513,379,351,465,1,1,1
290,0,1392,373,205,586,1,1,1
290,1,567,393,234,580,1,1,1
290,2,840,319,181,535,1,1,1
290,3,108,367,175,510,1,1,1
290,4,1507,372,334,471,1,1,1
290,5,1891,207,27,216,1,1,1
291,0,1329,375,202,582,1,1,1
291,1,526,409,214,559,1,1,1
291,2,799,336,196,516,1,1,1
291,3,112,379,160,490,1,1,1
291,4,1492,360,304,480,1,1,1
291,5,1876,204,42,232,1,1,1
292,0,1296,403,211,550,1,1,1
292,1,510,435,204,531,1,1,1
292,2,768,351,222,498,1,1,1
292,3,114,379,154,486,1,1,1
292,4,1518,352,241,478,1,1,1
292,5,1864,204,54,223,1,1,1
293,0,1258,423,226,517,1,1,1
293,1,489,436,202,523,1,1,1
293,2,754,378,220,460,1,1,1
293,3,124,390,166,472,1,1,1
293,4,1521,360,226,472,1,1,1
293,5,1846,201,72,229,1,1,1
294,0,1249,430,231,504,1,1,1
294,1,496,439,180,516,1,1,1
294,2,745,406,229,432,1,1,1
294,3,118,400,178,465,1,1,1
294,4,1555,369,187,462,1,1,1
294,5,1834,201,84,214,1,1,1
295,0,1240,445,234,501,1,1,1
295,1,445,454,208,513,1,1,1
295,2,751,423,220,420,1,1,1
295,3,100,429,190,439,1,1,1
295,4,1545,391,190,441,1,1,1
295,5,1822,202,82,216,1,1,1
296,0,1248,462,237,486,1,1,1
296,1,420,468,222,499,1,1,1
296,2,750,436,222,411,1,1,1
296,3,93,447,187,424,1,1,1
296,4,1534,405,190,430,1,1,1
296,5,1815,201,84,217,1,1,1
297,0,1273,469,229,477,1,1,1
297,1,405,483,229,486,1,1,1
297,2,730,451,240,394,1,1,1
297,3,81,460,196,409,1,1,1
297,4,1524,417,192,421,1,1,1
297,5,1807,201,84,207,1,1,1
298,0,1299,472,222,469,1,1,1
298,1,394,493,271,475,1,1,1
298,2,724,457,238,388,1,1,1
298,3,78,457,213,411,1,1,1
298,4,1524,411,186,423,1,1,1
298,5,1804,201,81,220,1,1,1
299,0,1302,474,246,468,1,1,1
299,1,385,498,316,472,1,1,1
299,2,718,450,256,394,1,1,1
299,3,70,441,240,427,1,1,1
299,4,1522,393,186,438,1,1,1
299,5,1800,201,79,205,1,1,1
300,0,1291,466,264,474,1,1,1
300,1,382,493,355,474,1,1,1
300,2,718,444,279,402,1,1,1
300,3,67,427,249,439,1,1,1
300,4,1522,381,187,448,1,1,1
300,5,1797,201,79,223,1,1,1
301,0,1291,457,258,483,1,1,1
301,1,396,486,348,481,1,1,1
301,2,718,429,300,415,1,1,1
301,3,61,415,261,451,1,1,1
301,4,1521,373,204,454,1,1,1
301,5,1791,201,79,214,1,1,1
302,0,1285,445,240,493,1,1,1
302,1,405,477,313,489,1,1,1
302,2,720,429,309,417,1,1,1
302,3,57,414,256,451,1,1,1
302,4,1512,373,214,457,1,1,1
302,5,1786,201,79,208,1,1,1
303,0,1279,435,193,502,1,1,1
303,1,412,465,232,501,1,1,1
303,2,720,427,310,415,1,1,1
303,3,30,412,304,451,1,1,1
303,4,1501,378,241,451,1,1,1
303,5,1783,195,79,210,1,1,1
304,0,1270,430,187,498,1,1,1
304,1,409,460,190,504,1,1,1
304,2,715,432,313,411,1,1,1
304,3,18,417,310,447,1,1,1
304,4,1498,382,249,447,1,1,1
304,5,1782,196,81,238,1,1,1
305,0,1260,424,156,489,1,1,1
305,1,412,451,151,495,1,1,1
305,2,709,447,310,396,1,1,1
305,3,12,427,285,435,1,1,1
305,4,1492,388,249,438,1,1,1
305,5,1776,198,81,244,1,1,1
306,0,1252,420,138,480,1,1,1
306,1,412,447,133,483,1,1,1
306,2,709,456,276,387,1,1,1
306,3,6,433,234,433,1,1,1
306,4,1491,393,231,433,1,1,1
306,5,1774,198,82,247,1,1,1
307,0,1246,415,118,474,1,1,1
307,1,348,447,202,484,1,1,1
307,2,708,469,243,378,1,1,1
307,3,9,442,234,424,1,1,1
307,4,1492,396,199,432,1,1,1
307,5,1773,198,82,246,1,1,1
308,0,1248,420,105,469,1,1,1
308,1,328,447,217,486,1,1,1
308,2,709,481,244,364,1,1,1
308,3,10,448,234,418,1,1,1
308,4,1492,397,201,430,1,1,1
308,5,1773,198,84,246,1,1,1
309,0,1237,423,115,468,1,1,1
309,1,300,439,231,493,1,1,1
309,2,712,486,247,361,1,1,1
309,3,12,451,235,414,1,1,1
309,4,1494,394,202,435,1,1,1
309,5,1773,199,84,246,1,1,1
310,0,1225,423,135,468,1,1,1
310,1,291,433,240,499,1,1,1
310,2,712,486,249,361,1,1,1
310,3,10,450,241,417,1,1,1
310,4,1495,391,201,438,1,1,1
310,5,1782,198,82,252,1,1,1
311,0,1204,420,160,471,1,1,1
311,1,298,427,231,505,1,1,1
311,2,711,471,250,378,1,1,1
311,3,9,445,238,424,1,1,1
311,4,1498,393,199,438,1,1,1
311,5,1776,195,91,250,1,1,1
312,0,1164,417,189,471,1,1,1
312,1,315,424,219,508,1,1,1
312,2,711,454,252,394,1,1,1
312,3,3,444,238,424,1,1,1
312,4,1503,393,195,438,1,1,1
312,5,1788,196,81,249,1,1,1
313,0,1131,412,214,459,1,1,1
313,1,337,420,187,498,1,1,1
313,2,714,444,274,399,1,1,1
313,3,1,415,239,457,1,1,1
313,4,1510,394,199,439,1,1,1
313,5,1794,195,85,250,1,1,1
314,0,1122,408,211,460,1,1,1
314,1,360,417,156,487,1,1,1
314,2,709,436,318,408,1,1,1
314,3,1,396,233,477,1,1,1
314,4,1515,381,201,456,1,1,1
314,5,1803,193,84,234,1,1,1
315,0,1117,402,210,468,1,1,1
315,1,382,414,124,493,1,1,1
315,2,712,435,354,412,1,1,1
315,3,1,379,217,496,1,1,1
315,4,1518,357,223,489,1,1,1
315,5,1812,190,85,249,1,1,1
316,0,1119,397,210,475,1,1,1
316,1,370,412,154,498,1,1,1
316,2,711,442,346,408,1,1,1
316,3,1,373,215,505,1,1,1
316,4,1528,354,219,495,1,1,1
316,5,1824,190,82,250,1,1,1
317,0,1120,393,219,484,1,1,1
317,1,351,408,201,507,1,1,1
317,2,715,445,388,408,1,1,1
317,3,1,372,213,510,1,1,1
317,4,1534,360,223,493,1,1,1
317,5,1834,189,84,259,1,1,1
318,0,1126,390,216,490,1,1,1
318,1,357,403,211,514,1,1,1
318,2,720,439,366,415,1,1,1
318,3,1,379,215,508,1,1,1
318,4,1540,370,231,483,1,1,1
318,5,1842,187,77,259,1,1,1
319,0,1152,387,196,495,1,1,1
319,1,379,399,189,519,1,1,1
319,2,729,426,354,432,1,1,1
319,3,1,388,209,501,1,1,1
319,4,1548,393,250,459,1,1,1
319,5,1852,184,66,246,1,1,1
320,0,1170,384,175,501,1,1,1
320,1,387,394,180,516,1,1,1
320,2,738,414,342,445,1,1,1
320,3,1,400,206,489,1,1,1
320,4,1560,411,261,439,1,1,1
320,5,1861,181,57,253,1,1,1
321,0,1198,376,136,511,1,1,1
321,1,375,391,201,505,1,1,1
321,2,763,397,288,460,1,1,1
321,3,1,405,192,489,1,1,1
321,4,1554,411,297,439,1,1,1
321,5,1873,180,45,249,1,1,1
322,0,1204,370,132,514,1,1,1
322,1,366,390,211,508,1,1,1
322,2,771,391,283,468,1,1,1
322,3,1,415,179,477,1,1,1
322,4,1557,411,301,444,1,1,1
322,5,1887,177,32,241,1,1,1
323,0,1215,363,121,508,1,1,1
323,1,357,388,186,513,1,1,1
323,2,772,397,255,466,1,1,1
323,3,1,438,164,463,1,1,1
323,4,1569,417,285,448,1,1,1
323,5,1896,174,23,238,1,1,1
324,0,1219,358,117,501,1,1,1
324,1,357,387,196,517,1,1,1
324,2,772,406,217,460,1,1,1
324,3,1,457,143,447,1,1,1
324,4,1578,406,253,459,1,1,1
325,0,1216,354,120,508,1,1,1
325,1,376,387,186,522,1,1,1
325,2,766,411,213,460,1,1,1
325,3,1,477,101,433,1,1,1
325,4,1587,372,190,496,1,1,1
326,0,1218,351,118,516,1,1,1
326,1,372,385,186,510,1,1,1
326,2,766,408,216,463,1,1,1
326,3,1,487,96,426,1,1,1
326,4,1590,358,186,514,1,1,1
327,0,1222,351,117,519,1,1,1
327,1,351,375,171,496,1,1,1
327,2,748,402,235,471,1,1,1
327,3,1,468,75,448,1,1,1
327,4,1599,352,187,523,1,1,1
328,0,1222,352,118,520,1,1,1
328,1,312,358,192,513,1,1,1
328,2,730,399,255,469,1,1,1
328,3,1,457,77,462,1,1,1
328,4,1602,337,187,540,1,1,1
329,0,1227,354,139,523,1,1,1
329,1,258,345,247,528,1,1,1
329,2,726,394,274,478,1,1,1
329,3,1,432,92,490,1,1,1
329,4,1566,331,235,547,1,1,1
330,0,1233,351,148,529,1,1,1
330,1,229,340,267,525,1,1,1
330,2,738,390,262,487,1,1,1
330,3,1,418,87,508,1,1,1
330,4,1546,331,267,549,1,1,1
331,0,1246,354,162,529,1,1,1
331,1,208,343,274,526,1,1,1
331,2,757,394,231,499,1,1,1
331,3,1,405,96,547,1,1,1
331,4,1558,346,270,546,1,1,1
332,0,1246,357,187,523,1,1,1
332,1,202,357,285,517,1,1,1
332,2,786,402,183,496,1,1,1
332,3,1,408,116,553,1,1,1
332,4,1578,361,252,537,1,1,1
333,0,1245,372,219,489,1,1,1
333,1,190,375,315,511,1,1,1
333,2,795,415,189,492,1,1,1
333,3,1,417,144,555,1,1,1
333,4,1591,363,217,543,1,1,1
334,0,1248,375,232,487,1,1,1
334,1,183,387,328,501,1,1,1
334,2,723,424,265,489,1,1,1
334,3,1,427,150,546,1,1,1
334,4,1608,360,207,552,1,1,1
335,0,1263,369,223,502,1,1,1
335,1,168,393,351,496,1,1,1
335,2,693,432,310,487,1,1,1
335,3,1,436,179,543,1,1,1
335,4,1608,361,223,556,1,1,1
336,0,1266,360,219,513,1,1,1
336,1,153,393,349,484,1,1,1
336,2,708,429,298,498,1,1,1
336,3,1,439,203,553,1,1,1
336,4,1617,364,226,556,1,1,1
337,0,1279,351,204,526,1,1,1
337,1,139,394,318,484,1,1,1
337,2,780,415,231,513,1,1,1
337,3,1,432,216,558,1,1,1
337,4,1630,367,228,558,1,1,1
338,0,1291,351,198,528,1,1,1
338,1,145,396,276,484,1,1,1
338,2,832,409,195,517,1,1,1
338,3,22,432,208,556,1,1,1
338,4,1648,373,219,555,1,1,1
339,0,1300,346,186,532,1,1,1
339,1,148,394,262,486,1,1,1
339,2,906,400,156,537,1,1,1
339,3,81,433,190,558,1,1,1
339,4,1687,381,202,547,1,1,1
340,0,1299,342,201,532,1,1,1
340,1,144,394,276,487,1,1,1
340,2,907,400,187,537,1,1,1
340,3,129,430,174,558,1,1,1
340,4,1714,387,157,540,1,1,1
341,0,1305,346,204,517,1,1,1
341,1,139,390,294,490,1,1,1
341,2,895,414,250,523,1,1,1
341,3,166,433,189,565,1,1,1
341,4,1726,391,159,534,1,1,1
342,0,1308,355,210,487,1,1,1
342,1,132,390,304,492,1,1,1
342,2,900,424,267,513,1,1,1
342,3,189,436,193,568,1,1,1
342,4,1719,396,184,532,1,1,1
343,0,1314,352,216,487,1,1,1
343,1,117,391,313,499,1,1,1
343,2,907,427,282,510,1,1,1
343,3,201,439,229,562,1,1,1
343,4,1737,393,182,535,1,1,1
344,0,1314,346,211,492,1,1,1
344,1,108,390,312,502,1,1,1
344,2,922,433,277,504,1,1,1
344,3,202,444,270,558,1,1,1
344,4,1749,388,170,540,1,1,1
345,0,1312,331,205,508,1,1,1
345,1,87,387,294,508,1,1,1
345,2,933,436,249,501,1,1,1
345,3,246,441,268,558,1,1,1
345,4,1744,388,174,535,1,1,1
346,0,1312,328,204,511,1,1,1
346,1,73,381,265,511,1,1,1
346,2,931,439,247,499,1,1,1
346,3,265,442,270,558,1,1,1
346,4,1735,384,183,535,1,1,1
347,0,1320,322,198,516,1,1,1
347,1,55,375,258,513,1,1,1
347,2,925,435,274,504,1,1,1
347,3,297,448,258,541,1,1,1
347,4,1735,381,183,540,1,1,1
348,0,1324,316,189,519,1,1,1
348,1,40,376,271,513,1,1,1
348,2,925,430,271,508,1,1,1
348,3,312,453,261,538,1,1,1
348,4,1743,384,176,537,1,1,1
349,0,1317,316,204,504,1,1,1
349,1,19,376,289,526,1,1,1
349,2,916,423,259,513,1,1,1
349,3,328,456,265,534,1,1,1
349,4,1773,381,146,540,1,1,1
350,0,1315,319,207,483,1,1,1
350,1,7,379,300,540,1,1,1
350,2,906,420,262,514,1,1,1
350,3,340,454,268,537,1,1,1
350,4,1795,376,123,544,1,1,1
351,0,1311,322,216,480,1,1,1
351,1,1,381,288,550,1,1,1
351,2,898,418,259,514,1,1,1
351,3,354,448,312,541,1,1,1
351,4,1812,372,107,549,1,1,1
352,0,1308,318,216,484,1,1,1
352,1,1,384,270,547,1,1,1
352,2,892,420,256,498,1,1,1
352,3,367,445,306,546,1,1,1
352,4,1815,370,104,547,1,1,1
353,0,1314,306,202,496,1,1,1
353,1,1,385,269,544,1,1,1
353,2,891,415,258,495,1,1,1
353,3,393,447,303,544,1,1,1
353,4,1821,373,98,541,1,1,1
354,0,1314,301,196,502,1,1,1
354,1,1,388,269,543,1,1,1
354,2,895,406,256,507,1,1,1
354,3,421,448,286,543,1,1,1
354,4,1819,375,99,541,1,1,1
355,0,1315,301,202,502,1,1,1
355,1,1,385,273,544,1,1,1
355,2,895,393,264,514,1,1,1
355,3,454,444,261,544,1,1,1
355,4,1825,375,93,541,1,1,1
356,0,1314,303,184,499,1,1,1
356,1,1,385,278,544,1,1,1
356,2,900,387,270,523,1,1,1
356,3,474,445,241,541,1,1,1
356,4,1827,373,92,541,1,1,1
357,0,1302,307,193,495,1,1,1
357,1,1,385,279,546,1,1,1
357,2,891,385,273,525,1,1,1
357,3,486,448,208,540,1,1,1
357,4,1834,379,84,535,1,1,1
358,0,1296,312,198,486,1,1,1
358,1,1,385,282,544,1,1,1
358,2,894,379,256,531,1,1,1
358,3,486,451,208,538,1,1,1
358,4,1836,388,83,528,1,1,1
359,0,1285,304,213,484,1,1,1
359,1,7,388,283,546,1,1,1
359,2,891,364,256,547,1,1,1
359,3,486,451,238,534,1,1,1
359,4,1830,402,89,514,1,1,1
360,0,1281,294,219,489,1,1,1
360,1,16,390,283,561,1,1,1
360,2,876,373,276,538,1,1,1
360,3,490,451,246,534,1,1,1
360,4,1836,405,83,507,1,1,1
361,0,1272,280,225,493,1,1,1
361,1,25,390,298,576,1,1,1
361,2,834,390,316,523,1,1,1
361,3,495,445,247,541,1,1,1
361,4,1812,400,107,510,1,1,1
362,0,1270,277,220,493,1,1,1
362,1,45,390,292,577,1,1,1
362,2,813,405,346,507,1,1,1
362,3,513,442,240,544,1,1,1
362,4,1806,384,113,523,1,1,1
363,0,1255,277,222,489,1,1,1
363,1,78,388,265,579,1,1,1
363,2,792,400,361,513,1,1,1
363,3,538,435,225,559,1,1,1
363,4,1773,369,146,534,1,1,1
364,0,1246,286,222,480,1,1,1
364,1,102,388,247,579,1,1,1
364,2,781,394,366,517,1,1,1
364,3,552,432,232,565,1,1,1
364,4,1741,361,177,541,1,1,1
365,0,1239,309,211,457,1,1,1
365,1,142,385,219,582,1,1,1
365,2,783,397,345,514,1,1,1
365,3,597,427,214,576,1,1,1
365,4,1708,366,210,547,1,1,1
366,0,1236,321,195,445,1,1,1
366,1,157,384,213,583,1,1,1
366,2,786,403,318,510,1,1,1
366,3,610,427,208,577,1,1,1
366,4,1687,375,231,538,1,1,1
367,0,1219,334,189,435,1,1,1
367,1,192,387,202,580,1,1,1
367,2,790,427,264,475,1,1,1
367,3,637,432,193,571,1,1,1
367,4,1665,402,254,516,1,1,1
368,0,1212,331,190,436,1,1,1
368,1,207,390,202,576,1,1,1
368,2,775,442,231,450,1,1,1
368,3,666,435,171,565,1,1,1
368,4,1647,418,272,504,1,1,1
369,0,1197,325,205,442,1,1,1
369,1,208,393,213,571,1,1,1
369,2,766,447,180,442,1,1,1
369,3,685,444,160,558,1,1,1
369,4,1599,426,320,502,1,1,1
370,0,1194,324,208,442,1,1,1
370,1,208,397,225,567,1,1,1
370,2,760,441,177,447,1,1,1
370,3,696,456,153,546,1,1,1
370,4,1564,426,354,505,1,1,1
371,0,1191,322,222,442,1,1,1
371,1,210,402,234,567,1,1,1
371,2,756,421,174,465,1,1,1
371,3,708,465,142,538,1,1,1
371,4,1519,414,376,514,1,1,1
372,0,1191,292,226,471,1,1,1
372,1,213,403,231,567,1,1,1
372,2,685,400,232,486,1,1,1
372,3,717,462,159,538,1,1,1
372,4,1491,400,342,528,1,1,1
373,0,1191,274,246,463,1,1,1
373,1,244,400,219,568,1,1,1
373,2,670,376,228,505,1,1,1
373,3,717,445,195,556,1,1,1
373,4,1449,373,277,553,1,1,1
374,0,1191,271,231,463,1,1,1
374,1,283,397,207,571,1,1,1
374,2,666,364,229,522,1,1,1
374,3,717,433,205,567,1,1,1
374,4,1413,360,249,564,1,1,1
375,0,1191,280,202,456,1,1,1
375,1,336,394,187,573,1,1,1
375,2,667,360,220,529,1,1,1
375,3,718,424,217,571,1,1,1
375,4,1371,355,235,559,1,1,1
376,0,1191,295,186,441,1,1,1
376,1,352,393,204,574,1,1,1
376,2,675,346,234,541,1,1,1
376,3,723,426,214,573,1,1,1
376,4,1342,352,240,558,1,1,1
377,0,1192,337,160,400,1,1,1
377,1,372,396,226,571,1,1,1
377,2,690,313,213,576,1,1,1
377,3,720,441,213,570,1,1,1
377,4,1299,369,244,544,1,1,1
378,0,1188,340,142,393,1,1,1
378,1,381,399,265,568,1,1,1
378,2,702,301,193,585,1,1,1
378,3,724,456,201,556,1,1,1
378,4,1275,379,246,535,1,1,1
379,0,1182,340,148,394,1,1,1
379,1,391,402,301,567,1,1,1
379,2,727,289,163,598,1,1,1
379,3,738,427,181,586,1,1,1
379,4,1233,400,291,517,1,1,1
380,0,1182,337,147,409,1,1,1
380,1,403,405,309,580,1,1,1
380,2,748,295,150,597,1,1,1
380,3,742,408,169,607,1,1,1
380,4,1203,414,327,508,1,1,1
381,0,1188,333,141,426,1,1,1
381,1,418,399,307,594,1,1,1
381,2,774,313,138,583,1,1,1
381,3,751,375,157,640,1,1,1
381,4,1194,418,322,504,1,1,1
382,0,1185,328,142,441,1,1,1
382,1,442,379,289,612,1,1,1
382,2,780,304,135,592,1,1,1
382,3,759,340,150,676,1,1,1
382,4,1171,415,312,504,1,1,1
383,0,1183,322,136,454,1,1,1
383,1,469,369,274,622,1,1,1
383,3,766,316,135,699,1,1,1
383,4,1131,405,283,511,1,1,1
384,0,1188,306,130,465,1,1,1
384,1,492,363,262,630,1,1,1
384,3,750,312,162,705,1,1,1
384,4,1113,393,262,519,1,1,1
385,0,1194,283,148,495,1,1,1
385,1,525,363,250,630,1,1,1
385,3,738,322,205,696,1,1,1
385,4,1092,379,259,532,1,1,1
386,0,1189,274,169,510,1,1,1
386,1,541,361,243,633,1,1,1
386,3,738,342,219,678,1,1,1
386,4,1074,373,262,543,1,1,1
387,0,1200,252,192,531,1,1,1
387,1,555,364,241,631,1,1,1
387,3,738,364,226,658,1,1,1
387,4,1035,387,274,532,1,1,1
388,0,1213,249,207,534,1,1,1
388,1,561,361,241,634,1,1,1
388,2,789,277,147,607,1,1,1
388,3,741,378,229,646,1,1,1
388,4,1000,396,280,526,1,1,1
389,0,1221,247,228,535,1,1,1
389,1,577,349,235,648,1,1,1
389,2,778,301,187,583,1,1,1
389,3,738,367,225,658,1,1,1
389,4,975,387,277,535,1,1,1
390,0,1195,253,279,532,1,1,1
390,1,585,346,231,651,1,1,1
390,2,780,313,199,576,1,1,1
390,3,747,361,207,667,1,1,1
390,4,949,378,288,546,1,1,1
391,0,1168,276,318,511,1,1,1
391,1,594,340,222,658,1,1,1
391,2,795,306,202,576,1,1,1
391,3,747,352,192,673,1,1,1
391,4,933,372,283,552,1,1,1
392,0,1153,280,340,508,1,1,1
392,1,600,330,219,669,1,1,1
392,3,747,343,189,684,1,1,1
392,4,925,360,277,565,1,1,1
393,0,1149,286,340,504,1,1,1
393,1,610,319,217,681,1,1,1
393,3,754,351,177,684,1,1,1
393,4,919,339,270,585,1,1,1
394,0,1152,288,328,502,1,1,1
394,1,613,327,217,673,1,1,1
394,3,762,363,175,673,1,1,1
394,4,910,331,270,592,1,1,1
395,0,1152,289,289,504,1,1,1
395,1,618,349,216,646,1,1,1
395,3,768,369,171,669,1,1,1
395,4,889,327,274,594,1,1,1
396,0,1152,292,261,504,1,1,1
396,1,622,361,234,636,1,1,1
396,3,769,382,178,657,1,1,1
396,4,892,331,258,588,1,1,1
397,0,1152,298,231,502,1,1,1
397,1,633,366,234,633,1,1,1
397,3,765,397,192,645,1,1,1
397,4,889,336,252,589,1,1,1
398,0,1150,303,219,501,1,1,1
398,1,633,387,217,613,1,1,1
398,3,759,399,204,645,1,1,1
398,4,894,349,243,579,1,1,1
399,0,1146,307,219,498,1,1,1
399,1,631,381,238,622,1,1,1
399,3,742,400,225,646,1,1,1
399,4,898,343,223,585,1,1,1
400,0,1141,309,223,495,1,1,1
400,1,630,391,240,609,1,1,1
400,3,733,408,238,642,1,1,1
400,4,906,340,210,588,1,1,1
401,0,1131,318,235,493,1,1,1
401,1,625,409,235,589,1,1,1
401,3,729,418,246,631,1,1,1
401,4,903,337,214,589,1,1,1
402,0,1123,322,243,499,1,1,1
402,1,610,427,243,570,1,1,1
402,2,829,340,159,562,1,1,1
402,3,723,436,249,615,1,1,1
402,4,900,339,217,588,1,1,1
403,0,1110,331,261,490,1,1,1
403,1,576,420,246,577,1,1,1
403,2,807,351,192,550,1,1,1
403,3,697,459,282,594,1,1,1
403,4,897,348,219,580,1,1,1
404,0,1099,337,276,486,1,1,1
404,1,552,418,265,580,1,1,1
404,2,792,355,210,544,1,1,1
404,3,697,487,289,565,1,1,1
404,4,894,354,222,576,1,1,1
405,0,1089,345,285,480,1,1,1
405,1,535,415,283,589,1,1,1
405,2,796,367,223,532,1,1,1
405,3,694,511,310,540,1,1,1
405,4,892,366,223,564,1,1,1
406,0,1081,343,289,483,1,1,1
406,1,537,423,288,585,1,1,1
406,2,796,376,241,519,1,1,1
406,3,697,537,319,517,1,1,1
406,4,904,375,219,556,1,1,1
407,0,1074,336,274,493,1,1,1
407,1,540,433,208,576,1,1,1
407,2,799,397,259,499,1,1,1
407,3,685,588,346,469,1,1,1
407,4,915,379,219,553,1,1,1
408,0,1072,325,256,505,1,1,1
408,1,537,439,208,571,1,1,1
408,2,805,421,258,478,1,1,1
408,3,672,604,361,457,1,1,1
408,4,927,379,231,556,1,1,1
409,0,1069,304,243,528,1,1,1
409,1,523,448,228,570,1,1,1
409,2,792,454,277,448,1,1,1
409,3,657,634,358,430,1,1,1
409,4,957,378,219,561,1,1,1
410,0,1068,295,241,538,1,1,1
410,1,511,456,219,568,1,1,1
410,2,784,480,291,427,1,1,1
410,3,645,660,364,406,1,1,1
410,4,973,379,214,562,1,1,1
411,0,1078,289,220,550,1,1,1
411,1,504,459,202,579,1,1,1
411,2,780,504,286,405,1,1,1
411,3,634,681,385,387,1,1,1
411,4,973,378,229,567,1,1,1
412,0,1110,292,183,555,1,1,1
412,1,501,459,187,589,1,1,1
412,2,777,529,277,369,1,1,1
412,3,624,702,402,369,1,1,1
412,4,972,375,243,571,1,1,1
413,0,1123,310,184,550,1,1,1
413,1,505,460,169,588,1,1,1
413,2,771,562,303,328,1,1,1
413,3,609,700,421,373,1,1,1
413,4,988,382,240,568,1,1,1
414,0,1117,328,199,544,1,1,1
414,1,514,462,163,589,1,1,1
414,2,763,588,313,301,1,1,1
414,3,600,703,426,373,1,1,1
414,4,1005,387,235,565,1,1,1
415,0,1068,363,258,520,1,1,1
415,1,513,460,169,598,1,1,1
415,2,756,604,324,300,1,1,1
415,3,613,715,381,363,1,1,1
415,4,1011,405,232,556,1,1,1
416,0,1063,378,271,514,1,1,1
416,1,495,459,189,603,1,1,1
416,2,751,606,322,315,1,1,1
416,3,613,723,376,356,1,1,1
416,4,997,421,247,546,1,1,1
417,0,1054,388,292,514,1,1,1
417,1,477,454,196,613,1,1,1
417,2,753,615,322,309,1,1,1
417,3,601,732,402,347,1,1,1
417,4,993,430,258,544,1,1,1
418,0,1045,388,283,522,1,1,1
418,1,471,448,192,619,1,1,1
418,2,765,612,342,313,1,1,1
418,3,565,736,445,342,1,1,1
418,4,997,423,258,556,1,1,1
419,0,1038,385,276,532,1,1,1
419,1,451,448,195,624,1,1,1
419,2,801,609,385,319,1,1,1
419,3,534,741,481,338,1,1,1
419,4,1003,417,247,564,1,1,1
420,0,1030,384,261,541,1,1,1
420,1,441,448,226,628,1,1,1
420,2,832,643,364,297,1,1,1
420,3,498,751,514,327,1,1,1
420,4,1003,412,244,571,1,1,1
421,1,433,456,256,622,1,1,1
421,2,874,660,334,292,1,1,1
421,3,453,724,516,354,1,1,1
421,4,1003,409,243,577,1,1,1
422,1,435,459,258,619,1,1,1
422,2,873,693,363,264,1,1,1
422,3,423,735,525,344,1,1,1
422,4,1002,408,240,580,1,1,1
423,0,973,381,217,565,1,1,1
423,1,429,456,255,623,1,1,1
423,2,879,699,391,267,1,1,1
423,3,381,745,532,333,1,1,1
423,4,1006,406,240,585,1,1,1
424,0,946,372,216,559,1,1,1
424,1,424,453,246,626,1,1,1
424,2,886,694,409,280,1,1,1
424,3,357,745,544,333,1,1,1
424,4,1005,405,247,594,1,1,1
425,0,909,343,280,576,1,1,1
425,1,414,448,268,630,1,1,1
425,2,907,682,403,303,1,1,1
425,3,327,739,556,339,1,1,1
425,4,1003,403,256,606,1,1,1
426,0,876,327,270,577,1,1,1
426,1,408,445,271,633,1,1,1
426,2,919,682,393,307,1,1,1
426,3,312,729,568,349,1,1,1
426,4,1003,400,256,615,1,1,1
427,0,843,313,283,529,1,1,1
427,1,387,444,240,635,1,1,1
427,2,943,687,367,310,1,1,1
427,3,298,705,580,373,1,1,1
427,4,1006,399,270,618,1,1,1
428,0,841,313,267,513,1,1,1
428,1,376,442,219,636,1,1,1
428,2,970,648,354,349,1,1,1
428,3,295,705,582,373,1,1,1
428,4,1014,405,274,612,1,1,1
429,0,844,264,237,622,1,1,1
429,1,357,444,205,635,1,1,1
429,2,997,643,334,358,1,1,1
429,3,298,715,580,363,1,1,1
429,4,1063,409,261,613,1,1,1
430,0,852,213,210,718,1,1,1
430,1,357,444,184,635,1,1,1
430,2,1015,652,337,354,1,1,1
430,3,295,727,586,351,1,1,1
430,4,1128,411,232,618,1,1,1
431,0,840,204,198,783,1,1,1
431,1,324,441,204,638,1,1,1
431,2,1032,661,355,357,1,1,1
431,3,300,714,588,364,1,1,1
431,4,1161,414,240,618,1,1,1
432,0,811,226,207,766,1,1,1
432,1,315,438,216,641,1,1,1
432,2,1039,682,370,340,1,1,1
432,3,297,727,598,351,1,1,1
432,4,1171,421,247,610,1,1,1
433,0,783,303,199,700,1,1,1
433,1,310,439,270,610,1,1,1
433,2,1044,702,388,325,1,1,1
433,3,271,748,631,330,1,1,1
433,4,1192,439,336,597,1,1,1
434,0,775,411,193,619,1,1,1
434,1,304,433,310,621,1,1,1
434,2,1048,727,403,303,1,1,1
434,3,264,754,640,324,1,1,1
434,4,1207,451,384,589,1,1,1
435,0,678,475,298,567,1,1,1
435,1,298,426,286,628,1,1,1
435,2,1053,732,436,301,1,1,1
435,3,256,711,654,368,1,1,1
435,4,1216,463,388,583,1,1,1
436,0,643,546,336,502,1,1,1
436,1,286,418,264,639,1,1,1
436,2,1060,736,460,297,1,1,1
436,3,253,724,657,354,1,1,1
436,4,1218,463,402,588,1,1,1
437,0,600,624,393,427,1,1,1
437,1,264,414,271,649,1,1,1
437,2,1077,747,477,285,1,1,1
437,3,250,745,664,333,1,1,1
437,4,1221,462,412,595,1,1,1
438,0,601,657,400,397,1,1,1
438,1,253,415,292,648,1,1,1
438,2,1101,756,471,271,1,1,1
438,3,252,741,664,338,1,1,1
438,4,1224,466,411,597,1,1,1
439,0,591,606,406,473,1,1,1
439,1,244,415,327,652,1,1,1
439,2,1132,763,459,265,1,1,1
439,3,265,736,657,342,1,1,1
439,4,1276,463,388,603,1,1,1
440,0,579,496,390,582,1,1,1
440,1,243,418,342,655,1,1,1
440,2,1140,771,471,256,1,1,1
440,3,271,735,652,344,1,1,1
440,4,1339,457,355,612,1,1,1
441,0,577,384,336,695,1,1,1
441,1,250,418,358,655,1,1,1
441,2,1149,760,451,265,1,1,1
441,3,292,733,646,345,1,1,1
441,4,1461,444,279,628,1,1,1
442,0,585,439,342,639,1,1,1
442,1,259,415,357,658,1,1,1
442,2,1164,673,426,352,1,1,1
442,3,328,744,625,335,1,1,1
442,4,1477,430,298,642,1,1,1
443,0,592,558,355,521,1,1,1
443,1,271,412,319,661,1,1,1
443,2,1183,654,408,372,1,1,1
443,3,373,726,591,353,1,1,1
443,4,1542,426,271,642,1,1,1
444,0,612,664,337,414,1,1,1
444,1,289,409,264,664,1,1,1
444,2,1191,633,400,391,1,1,1
444,3,420,744,553,335,1,1,1
444,4,1581,427,249,637,1,1,1
445,0,631,598,310,480,1,1,1
445,1,315,411,204,663,1,1,1
445,2,1200,610,399,414,1,1,1
445,3,493,711,495,368,1,1,1
445,4,1582,432,313,634,1,1,1
446,0,640,525,280,554,1,1,1
446,1,334,412,181,661,1,1,1
446,2,1210,592,421,433,1,1,1
446,3,517,726,474,353,1,1,1
446,4,1585,435,333,634,1,1,1
447,0,649,456,246,623,1,1,1
447,1,354,414,187,660,1,1,1
447,2,1251,573,385,450,1,1,1
447,3,549,735,444,344,1,1,1
447,4,1594,430,324,642,1,1,1
448,0,658,454,247,624,1,1,1
448,1,360,415,198,651,1,1,1
448,2,1287,567,349,456,1,1,1
448,3,574,754,421,324,1,1,1
448,4,1623,426,296,649,1,1,1
449,0,643,540,276,539,1,1,1
449,1,369,402,205,646,1,1,1
449,2,1354,588,300,436,1,1,1
449,3,603,780,399,299,1,1,1
449,4,1713,432,206,642,1,1,1
450,0,610,678,321,401,1,1,1
450,1,372,397,219,651,1,1,1
450,2,1395,616,258,411,1,1,1
450,3,618,774,390,305,1,1,1
450,4,1732,439,186,633,1,1,1
451,0,595,868,340,210,1,1,1
451,1,373,397,240,657,1,1,1
451,2,1395,706,255,324,1,1,1
451,3,645,778,349,300,1,1,1
451,4,1774,441,144,624,1,1,1
452,0,592,903,351,176,1,1,1
452,1,376,406,261,655,1,1,1
452,2,1392,700,253,337,1,1,1
452,3,658,775,325,303,1,1,1
452,4,1812,442,107,624,1,1,1
453,0,655,880,321,198,1,1,1
453,1,382,418,288,660,1,1,1
453,2,1384,667,267,370,1,1,1
453,3,675,772,318,306,1,1,1
453,4,1881,435,38,633,1,1,1
454,0,655,850,357,228,1,1,1
454,1,382,427,310,651,1,1,1
454,2,1375,634,279,403,1,1,1
454,3,676,775,342,303,1,1,1
455,0,609,813,433,266,1,1,1
455,1,384,435,315,644,1,1,1
455,2,1371,600,276,435,1,1,1
455,3,678,793,372,285,1,1,1
456,0,613,772,444,306,1,1,1
456,1,376,439,318,639,1,1,1
456,2,1363,580,277,445,1,1,1
456,3,691,787,376,291,1,1,1
457,0,589,649,433,429,1,1,1
457,1,352,424,328,654,1,1,1
457,2,1338,568,304,454,1,1,1
457,3,705,780,384,291,1,1,1
458,0,598,576,423,503,1,1,1
458,1,358,388,309,690,1,1,1
458,2,1321,561,378,454,1,1,1
458,3,717,757,378,309,1,1,1
459,0,633,525,388,554,1,1,1
459,1,367,342,276,733,1,1,1
459,2,1311,556,438,450,1,1,1
459,3,766,727,349,334,1,1,1
460,0,655,505,363,573,1,1,1
460,1,373,313,261,757,1,1,1
460,2,1299,556,463,442,1,1,1
460,3,780,706,345,349,1,1,1
461,0,673,486,337,593,1,1,1
461,1,378,300,240,766,1,1,1
461,2,1284,561,492,429,1,1,1
461,3,783,669,351,387,1,1,1
462,0,672,471,336,608,1,1,1
462,1,381,295,231,765,1,1,1
462,2,1267,561,499,421,1,1,1
462,3,778,643,358,412,1,1,1
463,0,658,472,333,606,1,1,1
463,1,387,298,226,756,1,1,1
463,2,1239,553,523,421,1,1,1
463,3,774,618,358,424,1,1,1
464,0,646,487,334,591,1,1,1
464,1,391,304,231,742,1,1,1
464,2,1218,544,537,426,1,1,1
464,3,778,594,343,445,1,1,1
465,0,633,547,324,531,1,1,1
465,1,400,301,232,733,1,1,1
465,2,1200,525,531,435,1,1,1
465,3,784,562,313,468,1,1,1
466,0,603,537,319,542,1,1,1
466,1,414,295,210,733,1,1,1
466,2,1198,514,508,442,1,1,1
466,3,789,543,282,484,1,1,1
467,0,618,523,280,555,1,1,1
467,1,433,291,174,732,1,1,1
467,2,1204,493,450,453,1,1,1
467,3,787,510,249,513,1,1,1
468,0,603,513,270,566,1,1,1
468,1,450,286,151,732,1,1,1
468,2,1209,472,403,468,1,1,1
468,3,787,489,246,522,1,1,1
469,0,556,505,288,573,1,1,1
469,1,465,283,156,729,1,1,1
469,2,1233,438,313,490,1,1,1
469,3,790,459,244,541,1,1,1
470,0,516,498,313,581,1,1,1
470,1,466,282,177,736,1,1,1
470,2,1243,411,252,513,1,1,1
470,3,789,442,250,555,1,1,1
471,0,472,478,343,600,1,1,1
471,1,462,297,223,736,1,1,1
471,2,1227,388,198,532,1,1,1
471,3,820,429,234,562,1,1,1
472,0,439,469,364,609,1,1,1
472,1,460,298,234,730,1,1,1
472,2,1210,379,178,537,1,1,1
472,3,853,426,211,559,1,1,1
473,0,396,468,361,611,1,1,1
473,1,463,307,228,720,1,1,1
473,2,1186,373,180,538,1,1,1
473,3,856,438,229,541,1,1,1
474,0,367,477,381,602,1,1,1
474,1,480,303,210,723,1,1,1
474,2,1168,373,199,534,1,1,1
474,3,859,451,238,528,1,1,1
475,0,360,490,391,588,1,1,1
475,1,504,297,186,721,1,1,1
475,2,1095,393,241,507,1,1,1
475,3,867,465,250,514,1,1,1
476,0,363,495,388,584,1,1,1
476,1,507,291,207,726,1,1,1
476,2,1060,409,255,487,1,1,1
476,3,873,472,264,508,1,1,1
477,0,381,451,349,627,1,1,1
477,1,502,303,234,729,1,1,1
477,2,1009,436,301,466,1,1,1
477,3,898,454,235,517,1,1,1
478,0,400,421,306,657,1,1,1
478,1,510,331,232,711,1,1,1
478,2,1005,444,301,457,1,1,1
478,3,912,442,232,523,1,1,1
479,0,409,399,187,676,1,1,1
479,1,450,349,289,690,1,1,1
479,2,1000,436,283,463,1,1,1
479,3,952,432,195,517,1,1,1
480,0,408,397,151,673,1,1,1
480,1,441,361,292,690,1,1,1
480,2,987,432,261,465,1,1,1
480,3,987,429,172,522,1,1,1
481,0,361,405,174,664,1,1,1
481,1,432,373,285,678,1,1,1
481,2,876,424,325,468,1,1,1
481,3,1015,406,270,546,1,1,1
482,0,331,414,195,652,1,1,1
482,1,427,370,279,676,1,1,1
482,2,888,412,252,478,1,1,1
482,3,1027,333,229,615,1,1,1
483,0,322,421,204,637,1,1,1
483,1,420,378,253,664,1,1,1
483,2,886,324,169,561,1,1,1
483,3,1038,276,231,672,1,1,1
484,0,327,423,189,633,1,1,1
484,1,397,384,256,655,1,1,1
484,2,865,292,181,594,1,1,1
484,3,1054,283,256,655,1,1,1
485,0,310,421,198,625,1,1,1
485,1,408,387,228,664,1,1,1
485,2,832,298,193,588,1,1,1
485,3,1048,361,327,574,1,1,1
486,0,288,421,214,606,1,1,1
486,1,415,406,207,651,1,1,1
486,2,801,333,216,549,1,1,1
486,3,1041,418,355,517,1,1,1
487,0,247,420,250,601,1,1,1
487,1,433,405,177,654,1,1,1
487,2,744,408,255,474,1,1,1
487,3,1059,436,340,496,1,1,1
488,0,240,420,258,597,1,1,1
488,1,448,411,163,645,1,1,1
488,2,726,435,261,447,1,1,1
488,3,1093,435,303,496,1,1,1
488,4,1891,411,27,505,1,1,1
489,0,241,417,276,597,1,1,1
489,1,448,396,163,658,1,1,1
489,2,723,436,243,447,1,1,1
489,3,1116,439,297,484,1,1,1
489,4,1855,433,63,483,1,1,1
490,0,255,415,273,595,1,1,1
490,1,439,400,168,649,1,1,1
490,2,724,438,241,442,1,1,1
490,3,1134,444,345,481,1,1,1
490,4,1836,432,83,481,1,1,1
491,0,292,418,250,580,1,1,1
491,1,429,417,151,633,1,1,1
491,2,724,441,241,438,1,1,1
491,3,1185,450,343,474,1,1,1
491,4,1845,423,74,487,1,1,1
492,0,324,421,219,568,1,1,1
492,1,399,423,177,628,1,1,1
492,2,723,433,246,444,1,1,1
492,3,1221,439,310,483,1,1,1
492,4,1852,418,66,490,1,1,1
493,1,385,427,175,619,1,1,1
493,2,708,423,258,453,1,1,1
493,3,1278,396,252,526,1,1,1
493,4,1881,382,38,526,1,1,1
494,1,381,424,174,618,1,1,1
494,2,702,418,262,457,1,1,1
494,3,1279,354,246,567,1,1,1
495,0,457,405,129,576,1,1,1
495,1,358,417,189,609,1,1,1
495,2,705,352,264,523,1,1,1
495,3,1293,321,235,598,1,1,1
496,0,451,411,148,565,1,1,1
496,1,340,420,205,601,1,1,1
496,2,709,328,262,546,1,1,1
496,3,1296,324,244,588,1,1,1
497,0,444,408,216,570,1,1,1
497,1,312,420,225,601,1,1,1
497,2,721,339,253,537,1,1,1
497,3,1317,348,253,561,1,1,1
498,0,453,411,265,568,1,1,1
498,1,292,423,240,598,1,1,1
498,2,729,367,246,510,1,1,1
498,3,1341,379,258,534,1,1,1
499,0,448,414,225,570,1,1,1
499,1,261,438,262,583,1,1,1
499,2,730,436,252,462,1,1,1
499,3,1369,441,253,471,1,1,1
500,0,459,421,216,561,1,1,1
500,1,240,453,283,567,1,1,1
500,2,732,433,276,463,1,1,1
500,3,1383,457,256,459,1,1,1
501,0,433,430,264,552,1,1,1
501,1,226,445,297,571,1,1,1
501,2,730,436,274,462,1,1,1
501,3,1392,468,237,445,1,1,1
502,0,423,445,294,537,1,1,1
502,1,222,441,294,561,1,1,1
502,2,729,438,258,459,1,1,1
502,3,1390,454,250,459,1,1,1
503,0,406,465,321,517,1,1,1
503,1,226,435,280,549,1,1,1
503,2,730,439,232,457,1,1,1
503,3,1320,427,244,484,1,1,1
503,4,1899,393,20,519,1,1,1
504,0,393,483,333,499,1,1,1
504,1,232,432,264,555,1,1,1
504,2,730,438,232,460,1,1,1
504,3,1275,409,259,502,1,1,1
504,4,1884,420,35,492,1,1,1
505,0,372,478,318,502,1,1,1
505,1,249,447,235,538,1,1,1
505,2,730,436,232,462,1,1,1
505,3,1321,400,226,507,1,1,1
505,4,1873,415,45,495,1,1,1
506,0,367,477,307,502,1,1,1
506,1,262,457,222,526,1,1,1
506,2,730,432,232,465,1,1,1
506,3,1299,339,258,568,1,1,1
506,4,1881,409,38,499,1,1,1
507,0,351,477,322,507,1,1,1
507,1,258,445,220,538,1,1,1
507,2,739,435,222,472,1,1,1
507,3,1305,324,252,585,1,1,1
508,0,337,475,336,508,1,1,1
508,1,255,438,226,534,1,1,1
508,2,742,438,220,477,1,1,1
508,3,1296,268,256,639,1,1,1
509,0,340,469,328,513,1,1,1
509,1,249,436,223,505,1,1,1
509,2,723,445,241,471,1,1,1
509,3,1282,354,307,553,1,1,1
510,0,337,468,310,514,1,1,1
510,1,244,436,205,496,1,1,1
510,2,714,457,252,459,1,1,1
510,3,1293,379,369,528,1,1,1
511,0,318,466,244,517,1,1,1
511,1,247,432,181,502,1,1,1
511,2,699,472,268,445,1,1,1
511,3,1321,330,357,577,1,1,1
512,0,310,462,202,522,1,1,1
512,1,256,424,150,511,1,1,1
512,2,690,484,282,430,1,1,1
512,3,1342,318,330,585,1,1,1
513,0,295,451,210,531,1,1,1
513,1,279,418,136,513,1,1,1
513,2,693,496,279,420,1,1,1
513,3,1390,295,249,601,1,1,1
514,0,303,441,177,541,1,1,1
514,1,283,412,139,520,1,1,1
514,2,696,505,276,412,1,1,1
514,3,1413,297,189,600,1,1,1
515,0,273,430,198,553,1,1,1
515,2,699,511,274,405,1,1,1
515,3,1413,303,133,592,1,1,1
516,0,273,430,178,555,1,1,1
516,2,702,519,270,397,1,1,1
516,3,1417,324,144,571,1,1,1
517,0,259,432,174,546,1,1,1
517,1,343,412,138,504,1,1,1
517,2,702,525,270,391,1,1,1
517,3,1416,352,201,543,1,1,1
518,0,246,430,192,541,1,1,1
518,1,349,405,141,507,1,1,1
518,2,700,529,273,385,1,1,1
518,3,1402,381,240,513,1,1,1
519,0,225,432,193,525,1,1,1
519,1,351,382,148,519,1,1,1
519,2,703,532,267,382,1,1,1
519,3,1363,391,309,504,1,1,1
520,0,202,435,187,522,1,1,1
520,1,354,375,156,514,1,1,1
520,2,703,534,267,381,1,1,1
520,3,1342,394,339,505,1,1,1
521,0,184,432,159,525,1,1,1
521,1,364,367,156,516,1,1,1
521,2,706,537,265,379,1,1,1
521,3,1318,400,361,501,1,1,1
522,0,187,429,178,526,1,1,1
522,1,381,366,153,513,1,1,1
522,2,709,538,265,378,1,1,1
522,3,1306,408,366,493,1,1,1
523,0,193,421,159,532,1,1,1
523,1,375,379,181,499,1,1,1
523,2,711,541,264,372,1,1,1
523,3,1290,417,337,483,1,1,1
524,0,165,415,175,537,1,1,1
524,1,372,387,211,493,1,1,1
524,2,709,546,265,367,1,1,1
524,3,1284,423,307,477,1,1,1
525,0,153,411,180,541,1,1,1
525,1,375,394,235,486,1,1,1
525,2,708,547,267,364,1,1,1
525,3,1273,430,252,471,1,1,1
526,0,151,414,199,537,1,1,1
526,1,378,399,232,477,1,1,1
526,2,705,547,267,364,1,1,1
526,3,1276,432,211,466,1,1,1
527,0,109,414,273,529,1,1,1
527,1,391,394,219,480,1,1,1
527,2,699,549,273,364,1,1,1
527,3,1273,435,220,465,1,1,1
528,0,93,414,300,525,1,1,1
528,1,406,393,222,477,1,1,1
528,2,691,549,280,364,1,1,1
528,3,1273,439,253,459,1,1,1
529,0,84,414,319,520,1,1,1
529,1,439,388,217,472,1,1,1
529,2,691,550,282,361,1,1,1
529,3,1270,453,298,444,1,1,1
530,0,81,414,325,522,1,1,1
530,1,471,382,210,477,1,1,1
530,2,688,552,306,360,1,1,1
530,3,1273,462,318,438,1,1,1
531,0,81,409,324,526,1,1,1
531,1,538,379,166,480,1,1,1
531,2,666,553,367,358,1,1,1
531,3,1270,483,331,414,1,1,1
532,0,79,385,319,550,1,1,1
532,1,568,382,154,477,1,1,1
532,2,639,555,399,357,1,1,1
532,3,1275,495,328,405,1,1,1
533,0,76,363,318,565,1,1,1
533,1,582,391,169,466,1,1,1
533,2,622,552,402,360,1,1,1
533,3,1279,513,318,385,1,1,1
534,0,76,343,312,586,1,1,1
534,1,580,402,195,456,1,1,1
534,2,619,549,406,363,1,1,1
534,3,1282,522,318,379,1,1,1
535,0,70,330,316,598,1,1,1
535,1,580,403,268,454,1,1,1
535,2,618,546,411,366,1,1,1
535,3,1294,531,307,367,1,1,1
536,0,69,325,319,603,1,1,1
536,1,585,397,267,462,1,1,1
536,2,619,544,411,367,1,1,1
536,3,1293,538,306,360,1,1,1
537,0,64,319,327,603,1,1,1
537,1,616,382,238,475,1,1,1
537,2,610,544,418,367,1,1,1
537,3,1290,544,309,352,1,1,1
538,0,61,315,331,606,1,1,1
538,1,651,372,222,468,1,1,1
538,2,612,546,423,364,1,1,1
538,3,1290,546,304,348,1,1,1
539,0,60,309,340,606,1,1,1
539,1,711,354,186,484,1,1,1
539,2,615,541,420,364,1,1,1
539,3,1287,549,304,345,1,1,1
540,0,60,304,339,604,1,1,1
540,1,775,352,135,484,1,1,1
540,2,622,534,405,372,1,1,1
540,3,1285,550,304,342,1,1,1
541,0,58,322,327,585,1,1,1
541,1,828,346,99,483,1,1,1
541,2,630,517,387,387,1,1,1
541,3,1282,555,301,337,1,1,1
542,0,61,334,309,573,1,1,1
542,1,840,352,112,475,1,1,1
542,2,634,505,355,399,1,1,1
542,3,1278,553,307,337,1,1,1
543,0,58,351,282,556,1,1,1
543,1,835,370,174,457,1,1,1
543,2,663,486,321,418,1,1,1
543,3,1273,552,306,340,1,1,1
544,0,58,375,262,534,1,1,1
544,1,832,379,237,448,1,1,1
544,2,696,474,286,430,1,1,1
544,3,1270,552,309,340,1,1,1
545,0,49,426,252,484,1,1,1
545,1,840,385,244,445,1,1,1
545,2,736,450,250,453,1,1,1
545,3,1266,553,307,339,1,1,1
546,0,45,445,235,465,1,1,1
546,1,865,387,217,444,1,1,1
546,2,726,432,238,472,1,1,1
546,3,1261,559,310,331,1,1,1
547,0,42,453,223,459,1,1,1
547,1,879,381,238,453,1,1,1
547,2,708,418,234,486,1,1,1
547,3,1254,558,312,334,1,1,1
548,0,34,453,226,459,1,1,1
548,1,928,373,211,457,1,1,1
548,2,691,414,235,490,1,1,1
548,3,1248,556,315,334,1,1,1
549,0,21,447,232,463,1,1,1
549,1,1009,367,156,462,1,1,1
549,2,672,418,235,486,1,1,1
549,3,1236,555,316,336,1,1,1
550,0,13,444,234,466,1,1,1
550,1,1035,366,142,462,1,1,1
550,2,652,421,250,483,1,1,1
550,3,1225,555,316,333,1,1,1
551,0,1,441,234,472,1,1,1
551,1,1054,376,144,457,1,1,1
551,2,603,426,292,480,1,1,1
551,3,1224,553,307,334,1,1,1
552,0,1,439,228,483,1,1,1
552,1,1065,385,157,453,1,1,1
552,2,583,430,306,477,1,1,1
552,3,1221,562,301,327,1,1,1
553,0,1,433,225,496,1,1,1
553,1,1065,396,244,444,1,1,1
553,2,565,433,312,474,1,1,1
553,3,1192,570,322,319,1,1,1
554,0,1,426,231,505,1,1,1
554,1,1057,399,285,441,1,1,1
554,2,559,430,306,475,1,1,1
554,3,1153,565,358,322,1,1,1
554,4,1891,585,27,312,1,1,1
555,0,1,424,237,510,1,1,1
555,1,1059,394,280,442,1,1,1
555,2,549,432,303,474,1,1,1
555,3,1128,558,439,331,1,1,1
555,4,1881,583,38,309,1,1,1
556,0,1,423,252,510,1,1,1
556,1,1083,387,256,450,1,1,1
556,2,540,432,297,472,1,1,1
556,3,1120,555,447,336,1,1,1
556,4,1878,582,41,312,1,1,1
557,0,15,424,258,507,1,1,1
557,1,1138,369,201,465,1,1,1
557,2,529,433,309,471,1,1,1
557,3,1125,553,445,337,1,1,1
557,4,1873,582,45,313,1,1,1
558,0,52,427,235,505,1,1,1
558,1,1191,360,147,472,1,1,1
558,2,519,420,319,484,1,1,1
558,3,1120,550,441,339,1,1,1
558,4,1866,580,53,313,1,1,1
559,0,55,430,247,502,1,1,1
559,1,1273,354,108,477,1,1,1
559,2,510,403,327,502,1,1,1
559,3,1111,543,441,346,1,1,1
559,4,1860,580,59,313,1,1,1
560,0,54,432,264,501,1,1,1
560,1,1291,354,112,472,1,1,1
560,2,505,372,331,534,1,1,1
560,3,1111,535,423,352,1,1,1
560,4,1854,579,65,313,1,1,1
561,0,51,432,282,502,1,1,1
561,1,1320,363,124,460,1,1,1
561,2,492,352,345,552,1,1,1
561,3,1107,522,408,366,1,1,1
561,4,1840,579,78,312,1,1,1
562,0,57,432,298,505,1,1,1
562,1,1309,370,208,453,1,1,1
562,2,487,352,352,550,1,1,1
562,3,1108,513,390,378,1,1,1
562,4,1837,579,81,313,1,1,1
563,0,64,432,318,508,1,1,1
563,1,1302,381,261,442,1,1,1
563,2,481,352,355,552,1,1,1
563,3,1110,493,346,396,1,1,1
563,4,1827,580,92,313,1,1,1
564,0,73,433,313,508,1,1,1
564,1,1306,381,259,445,1,1,1
564,2,480,357,355,546,1,1,1
564,3,1110,484,342,403,1,1,1
564,4,1821,580,98,313,1,1,1
565,0,120,435,255,507,1,1,1
565,1,1332,379,225,448,1,1,1
565,2,462,376,369,525,1,1,1
565,3,1093,465,318,423,1,1,1
565,4,1813,577,105,313,1,1,1
566,0,169,436,195,505,1,1,1
566,1,1350,378,231,450,1,1,1
566,2,454,397,367,504,1,1,1
566,3,1104,448,306,438,1,1,1
566,4,1809,574,110,315,1,1,1
567,0,207,436,157,505,1,1,1
567,1,1416,370,199,457,1,1,1
567,2,447,429,363,472,1,1,1
567,3,1119,424,291,466,1,1,1
567,4,1804,576,114,313,1,1,1
568,0,205,438,177,504,1,1,1
568,1,1461,363,172,463,1,1,1
568,2,435,451,355,448,1,1,1
568,3,1128,418,283,471,1,1,1
568,4,1800,574,119,318,1,1,1
569,0,202,439,235,504,1,1,1
569,1,1524,361,132,459,1,1,1
569,2,409,478,343,421,1,1,1
569,3,1146,414,261,484,1,1,1
569,4,1800,573,119,318,1,1,1
570,0,199,436,250,505,1,1,1
570,1,1543,364,145,462,1,1,1
570,2,403,472,315,427,1,1,1
570,3,1132,417,271,480,1,1,1
570,4,1798,573,120,318,1,1,1
571,0,214,435,265,507,1,1,1
571,1,1560,378,165,451,1,1,1
571,2,406,463,252,438,1,1,1
571,3,1095,421,306,474,1,1,1
571,4,1792,571,126,318,1,1,1
572,0,228,435,274,507,1,1,1
572,1,1575,384,219,445,1,1,1
572,2,414,462,231,441,1,1,1
572,3,1089,427,307,466,1,1,1
572,4,1780,570,138,319,1,1,1
573,0,261,435,258,505,1,1,1
573,1,1606,391,241,436,1,1,1
573,2,405,456,232,444,1,1,1
573,3,1089,427,298,478,1,1,1
573,4,1774,567,144,321,1,1,1
574,0,283,432,246,510,1,1,1
574,1,1621,397,238,432,1,1,1
574,2,397,448,213,450,1,1,1
574,3,1087,427,292,484,1,1,1
574,4,1747,564,171,322,1,1,1
575,0,319,429,240,511,1,1,1
575,1,1629,402,225,432,1,1,1
575,2,388,430,154,456,1,1,1
575,3,1083,435,288,477,1,1,1
575,4,1740,562,179,325,1,1,1
576,0,327,430,241,508,1,1,1
576,1,1645,405,204,427,1,1,1
576,2,400,418,127,465,1,1,1
576,3,1080,433,283,475,1,1,1
576,4,1722,547,197,340,1,1,1
577,0,333,432,238,504,1,1,1
577,1,1675,403,169,429,1,1,1
577,2,396,411,132,469,1,1,1
577,3,1068,435,291,478,1,1,1
577,4,1681,534,237,354,1,1,1
578,0,330,436,243,499,1,1,1
578,1,1692,399,150,433,1,1,1
578,2,391,414,138,478,1,1,1
578,3,1063,438,289,472,1,1,1
578,4,1666,525,252,363,1,1,1
579,0,327,439,247,496,1,1,1
579,1,1698,390,141,442,1,1,1
579,2,337,420,193,480,1,1,1
579,3,1059,441,295,469,1,1,1
579,4,1659,520,260,367,1,1,1
580,0,333,435,247,499,1,1,1
580,1,1692,381,147,451,1,1,1
580,2,310,429,220,468,1,1,1
580,3,1054,442,303,466,1,1,1
580,4,1660,528,258,360,1,1,1
581,0,363,435,222,499,1,1,1
581,1,1686,375,150,457,1,1,1
581,2,274,435,256,462,1,1,1
581,3,1041,453,319,451,1,1,1
581,4,1669,535,249,352,1,1,1
582,0,388,433,225,501,1,1,1
582,1,1683,375,150,457,1,1,1
582,2,253,439,271,459,1,1,1
582,3,1024,463,340,439,1,1,1
582,4,1678,526,240,361,1,1,1
583,0,405,435,217,499,1,1,1
583,1,1689,375,141,457,1,1,1
583,2,241,442,261,469,1,1,1
583,3,1015,483,360,418,1,1,1
583,4,1699,510,219,378,1,1,1
584,0,415,435,217,499,1,1,1
584,1,1693,375,132,457,1,1,1
584,2,240,445,240,466,1,1,1
584,3,1015,495,369,409,1,1,1
584,4,1707,493,212,394,1,1,1
585,0,427,435,232,499,1,1,1
585,1,1698,375,148,457,1,1,1
585,2,235,445,229,466,1,1,1
585,3,1009,514,379,390,1,1,1
585,4,1714,478,204,409,1,1,1
586,0,426,433,253,501,1,1,1
586,1,1699,375,151,468,1,1,1
586,2,229,444,226,466,1,1,1
586,3,1009,522,364,379,1,1,1
586,4,1708,466,210,423,1,1,1
587,0,432,432,279,502,1,1,1
587,1,1701,378,150,463,1,1,1
587,2,226,444,207,466,1,1,1
587,3,1003,546,376,366,1,1,1
587,4,1695,450,224,436,1,1,1
588,0,448,430,282,504,1,1,1
588,1,1702,376,147,463,1,1,1
588,2,226,447,198,465,1,1,1
588,3,993,565,418,345,1,1,1
588,4,1683,435,234,451,1,1,1
589,0,487,424,259,501,1,1,1
589,1,1713,378,135,465,1,1,1
589,2,226,454,192,466,1,1,1
589,3,975,606,487,306,1,1,1
589,4,1666,417,163,471,1,1,1
590,0,498,424,258,492,1,1,1
590,1,1711,378,132,466,1,1,1
590,2,226,459,189,475,1,1,1
590,3,966,627,514,288,1,1,1
590,4,1656,411,142,475,1,1,1
591,0,513,423,253,490,1,1,1
591,1,1702,379,133,468,1,1,1
591,2,226,465,198,475,1,1,1
591,3,975,646,501,265,1,1,1
591,4,1635,405,129,471,1,1,1
592,0,528,421,244,492,1,1,1
592,1,1693,381,139,469,1,1,1
592,2,229,469,205,471,1,1,1
592,3,988,646,477,268,1,1,1
592,4,1611,408,159,465,1,1,1
593,0,543,424,238,490,1,1,1
593,1,1687,379,142,474,1,1,1
593,2,232,468,235,472,1,1,1
593,3,1011,637,457,274,1,1,1
593,4,1548,411,226,460,1,1,1
594,0,549,421,232,492,1,1,1
594,1,1689,382,136,471,1,1,1
594,2,240,465,250,475,1,1,1
594,3,1032,625,445,283,1,1,1
594,4,1506,417,267,456,1,1,1
595,0,556,420,243,493,1,1,1
595,1,1692,379,130,475,1,1,1
595,2,252,460,265,480,1,1,1
595,3,1056,606,424,309,1,1,1
595,4,1453,421,321,453,1,1,1
596,0,568,421,240,492,1,1,1
596,1,1695,376,129,475,1,1,1
596,2,259,457,276,481,1,1,1
596,3,1068,592,402,319,1,1,1
596,4,1408,415,364,460,1,1,1
597,0,589,421,234,492,1,1,1
597,1,1680,369,141,481,1,1,1
597,2,249,462,295,477,1,1,1
597,3,1102,562,337,346,1,1,1
597,4,1380,400,373,474,1,1,1
598,0,594,421,241,487,1,1,1
598,1,1675,367,132,486,1,1,1
598,2,247,465,294,469,1,1,1
598,3,1126,546,321,364,1,1,1
598,4,1375,390,327,474,1,1,1
599,0,619,421,229,483,1,1,1
599,1,1662,363,142,490,1,1,1
599,2,249,427,279,505,1,1,1
599,3,1177,520,270,391,1,1,1
599,4,1365,375,258,478,1,1,1
600,0,631,424,232,480,1,1,1
600,1,1659,358,147,495,1,1,1
600,2,255,424,271,510,1,1,1
600,3,1236,505,217,403,1,1,1
600,4,1353,361,205,486,1,1,1
601,0,645,426,225,475,1,1,1
601,1,1663,357,142,498,1,1,1
601,2,258,439,285,499,1,1,1
601,3,1273,484,183,426,1,1,1
601,4,1344,316,190,522,1,1,1
602,0,652,420,232,481,1,1,1
602,1,1656,357,151,495,1,1,1
602,2,267,450,303,490,1,1,1
602,3,1281,463,175,442,1,1,1
602,4,1345,277,172,555,1,1,1
603,0,666,406,232,499,1,1,1
603,1,1642,357,165,495,1,1,1
603,2,286,480,315,463,1,1,1
603,3,1299,444,157,460,1,1,1
603,4,1285,262,211,573,1,1,1
604,0,672,403,231,501,1,1,1
604,1,1636,358,168,496,1,1,1
604,2,316,480,315,460,1,1,1
604,3,1309,439,165,451,1,1,1
604,4,1258,261,220,573,1,1,1
605,0,688,399,234,505,1,1,1
605,1,1633,360,168,495,1,1,1
605,2,378,486,273,454,1,1,1
605,3,1330,439,142,448,1,1,1
605,4,1246,256,225,577,1,1,1
606,0,703,397,235,507,1,1,1
606,1,1632,360,169,493,1,1,1
606,2,418,484,246,459,1,1,1
606,3,1342,435,169,457,1,1,1
606,4,1254,253,214,580,1,1,1
607,0,720,349,237,555,1,1,1
607,1,1636,361,168,495,1,1,1
607,2,463,484,226,457,1,1,1
607,3,1366,439,183,453,1,1,1
607,4,1269,247,168,585,1,1,1
608,0,736,315,240,589,1,1,1
608,1,1641,360,166,496,1,1,1
608,2,487,483,216,457,1,1,1
608,3,1384,432,195,460,1,1,1
608,4,1278,241,135,574,1,1,1
609,0,751,294,249,610,1,1,1
609,1,1645,358,166,499,1,1,1
609,2,507,484,234,474,1,1,1
609,3,1404,430,238,462,1,1,1
609,4,1261,249,151,564,1,1,1
610,0,763,286,258,618,1,1,1
610,1,1650,358,165,498,1,1,1
610,2,520,487,246,480,1,1,1
610,3,1419,421,244,468,1,1,1
610,4,1243,253,160,558,1,1,1
611,0,775,282,271,622,1,1,1
611,1,1657,355,160,501,1,1,1
611,2,543,496,229,472,1,1,1
611,3,1444,417,238,469,1,1,1
611,4,1213,261,180,552,1,1,1
612,0,783,283,277,621,1,1,1
612,1,1663,357,157,498,1,1,1
612,2,565,498,234,472,1,1,1
612,3,1461,414,265,465,1,1,1
612,4,1191,270,196,543,1,1,1
613,0,801,289,280,615,1,1,1
613,1,1677,360,153,495,1,1,1
613,2,594,492,244,478,1,1,1
613,3,1488,408,273,457,1,1,1
613,4,1185,282,210,532,1,1,1
614,0,816,297,280,607,1,1,1
614,1,1687,361,151,493,1,1,1
614,2,613,486,241,484,1,1,1
614,3,1504,406,267,457,1,1,1
614,4,1180,285,220,532,1,1,1
615,0,834,304,279,600,1,1,1
615,1,1701,364,148,487,1,1,1
615,2,631,478,237,490,1,1,1
615,3,1527,409,252,457,1,1,1
615,4,1164,283,234,532,1,1,1
616,0,843,312,277,592,1,1,1
616,1,1713,366,141,489,1,1,1
616,2,645,480,225,487,1,1,1
616,3,1546,414,235,450,1,1,1
616,4,1158,279,234,532,1,1,1
617,0,861,319,268,585,1,1,1
617,1,1725,367,141,492,1,1,1
617,2,655,487,216,484,1,1,1
617,3,1570,420,213,448,1,1,1
617,4,1152,280,208,520,1,1,1
618,0,874,319,268,585,1,1,1
618,1,1731,367,142,490,1,1,1
618,2,658,496,207,478,1,1,1
618,3,1582,424,172,441,1,1,1
618,4,1141,283,183,517,1,1,1
619,0,906,310,244,592,1,1,1
619,1,1740,367,142,489,1,1,1
619,2,673,510,174,463,1,1,1
619,3,1594,426,133,436,1,1,1
619,4,1128,282,183,519,1,1,1
620,0,925,309,232,595,1,1,1
620,1,1746,367,147,489,1,1,1
620,2,681,508,166,466,1,1,1
620,3,1608,426,135,426,1,1,1
620,4,1116,280,201,520,1,1,1
621,0,942,306,237,604,1,1,1
621,1,1750,367,148,492,1,1,1
621,2,688,498,163,475,1,1,1
621,3,1620,426,148,403,1,1,1
621,4,1074,271,243,531,1,1,1
622,0,951,304,232,603,1,1,1
622,1,1753,369,151,489,1,1,1
622,2,685,486,174,487,1,1,1
622,3,1632,423,148,406,1,1,1
622,4,1071,261,222,540,1,1,1
