1,0,1040,293,134,254,1,1,1
2,0,1044,302,132,244,1,1,1
3,0,1049,306,127,242,1,1,1
4,0,1049,313,130,237,1,1,1
5,0,1052,320,131,231,1,1,1
6,0,1055,328,130,223,1,1,1
7,0,1057,333,138,216,1,1,1
8,0,1065,346,146,205,1,1,1
9,0,1073,350,145,203,1,1,1
10,0,1088,356,138,198,1,1,1
11,0,1093,359,143,190,1,1,1
28,1,1136,338,123,217,1,1,1
29,1,1131,337,111,218,1,1,1
30,1,1124,332,111,223,1,1,1
31,1,1119,332,110,223,1,1,1
32,1,1117,330,112,225,1,1,1
33,1,1115,327,108,228,1,1,1
34,1,1105,317,130,238,1,1,1
35,1,1096,310,150,246,1,1,1
36,1,1080,299,183,256,1,1,1
37,1,1074,296,195,261,1,1,1
38,1,1068,294,201,264,1,1,1
39,1,1066,292,199,268,1,1,1
40,1,1060,282,200,279,1,1,1
41,1,1053,274,202,288,1,1,1
42,1,1042,258,204,305,1,1,1
43,1,1034,254,210,310,1,1,1
44,1,1024,243,217,321,1,1,1
45,1,1017,239,215,326,1,1,1
46,1,1016,236,205,330,1,1,1
47,1,1018,234,204,333,1,1,1
48,1,1018,228,194,340,1,1,1
49,1,1016,227,194,341,1,1,1
50,1,1018,221,187,348,1,1,1
51,1,1021,220,182,350,1,1,1
52,1,1025,220,176,352,1,1,1
53,1,1025,223,174,350,1,1,1
54,1,1023,232,185,342,1,1,1
55,1,1017,239,198,337,1,1,1
56,1,1009,258,220,319,1,1,1
57,1,1004,259,229,319,1,1,1
58,1,1003,260,243,319,1,1,1
59,1,1004,261,245,319,1,1,1
60,1,1008,262,241,320,1,1,1
61,1,1011,260,239,323,1,1,1
62,1,1012,262,233,321,1,1,1
63,1,1016,260,230,324,1,1,1
64,1,1026,256,220,330,1,1,1
65,1,1024,242,220,345,1,1,1
66,1,1029,239,208,348,1,1,1
67,1,1033,237,205,351,1,1,1
68,1,1039,227,197,362,1,1,1
69,1,1037,225,197,366,1,1,1
70,1,1041,213,195,383,1,1,1
71,1,1044,208,193,389,1,1,1
72,1,1055,203,194,395,1,1,1
73,1,1056,207,205,392,1,1,1
74,1,1059,225,220,381,1,1,1
75,1,1057,237,222,370,1,1,1
76,1,1048,239,231,369,1,1,1
77,1,1044,240,235,370,1,1,1
78,1,1037,240,241,371,1,1,1
79,1,1037,232,242,379,1,1,1
80,1,1037,225,242,388,1,1,1
81,1,1038,220,241,395,1,1,1
82,1,1041,211,238,404,1,1,1
83,1,1044,206,235,411,1,1,1
84,1,1049,195,230,420,1,1,1
85,1,1053,191,226,425,1,1,1
86,1,1058,182,221,433,1,1,1
87,1,1061,177,218,439,1,1,1
88,1,1064,171,215,444,1,1,1
89,1,1060,168,219,447,1,1,1
90,1,1056,161,223,454,1,1,1
91,1,1055,159,224,454,1,1,1
92,1,1048,156,231,459,1,1,1
93,1,1045,157,234,458,1,1,1
94,1,1039,162,240,451,1,1,1
95,1,1036,172,243,442,1,1,1
96,1,1019,209,260,406,1,1,1
97,1,1015,207,265,405,1,1,1
98,1,1004,207,276,406,1,1,1
99,1,1002,208,273,406,1,1,1
100,1,1008,211,269,401,1,1,1
101,1,1013,209,264,403,1,1,1
102,1,1032,210,245,404,1,1,1
103,1,1047,212,231,402,1,1,1
104,1,1082,214,197,399,1,1,1
105,1,1084,215,195,398,1,1,1
106,1,1082,218,198,396,1,1,1
107,1,1081,217,192,397,1,1,1
108,1,1081,217,182,394,1,1,1
109,1,1078,218,179,394,1,1,1
110,1,1072,219,186,391,1,1,1
111,1,1068,219,190,391,1,1,1
112,1,1063,221,192,390,1,1,1
113,1,1062,222,193,390,1,1,1
114,1,1057,222,196,389,1,1,1
115,1,1056,221,194,390,1,1,1
116,1,1051,217,197,393,1,1,1
117,1,1049,217,198,394,1,1,1
118,1,1039,221,208,390,1,1,1
119,1,1036,225,216,384,1,1,1
120,1,1032,236,232,373,1,1,1
121,1,1025,243,247,367,1,1,1
122,1,1018,252,262,356,1,1,1
123,1,1017,257,259,352,1,1,1
124,1,1007,264,252,346,1,1,1
125,1,1006,263,244,347,1,1,1
126,1,953,260,278,347,1,1,1
127,1,929,257,292,351,1,1,1
128,1,890,252,321,357,1,1,1
129,1,877,246,328,362,1,1,1
130,1,865,242,359,368,1,1,1
131,1,863,237,380,370,1,1,1
132,1,859,217,391,390,1,1,1
133,1,858,211,392,396,1,1,1
134,1,851,210,406,398,1,1,1
135,1,843,212,420,397,1,1,1
136,1,829,219,445,390,1,1,1
137,1,825,224,454,385,1,1,1
138,1,824,223,450,387,1,1,1
139,1,828,225,431,386,1,1,1
140,1,845,224,367,387,1,1,1
141,1,851,219,322,392,1,1,1
142,1,859,211,261,402,1,1,1
143,1,863,203,246,409,1,1,1
144,1,870,193,223,420,1,1,1
145,1,876,189,216,425,1,1,1
146,1,879,186,208,428,1,1,1
147,1,880,177,212,438,1,1,1
148,1,869,157,238,459,1,1,1
149,1,862,149,244,468,1,1,1
150,1,860,141,254,478,1,1,1
151,1,844,140,267,476,1,1,1
152,1,842,135,261,482,1,1,1
153,1,834,132,269,485,1,1,1
154,1,822,126,292,491,1,1,1
155,1,813,122,301,493,1,1,1
156,1,803,114,312,501,1,1,1
157,1,805,109,308,505,1,1,1
158,1,800,106,311,508,1,1,1
159,1,792,115,312,498,1,1,1
160,1,785,170,318,443,1,1,1
161,1,778,201,325,412,1,1,1
162,1,770,213,324,399,1,1,1
163,1,762,218,330,393,1,1,1
164,1,755,228,327,383,1,1,1
165,1,756,230,318,381,1,1,1
166,1,739,230,322,381,1,1,1
167,1,743,229,315,381,1,1,1
168,1,699,221,346,389,1,1,1
169,1,679,218,364,391,1,1,1
170,1,657,208,378,401,1,1,1
171,1,656,205,397,404,1,1,1
172,1,664,169,424,439,1,1,1
173,1,667,160,428,448,1,1,1
174,1,668,152,430,456,1,1,1
175,1,662,152,438,455,1,1,1
176,1,651,157,458,450,1,1,1
177,1,643,162,471,444,1,1,1
178,1,626,185,497,421,1,1,1
179,1,622,186,503,419,1,1,1
180,1,624,188,482,417,1,1,1
181,1,634,190,452,415,1,1,1
182,1,664,183,359,422,1,1,1
183,1,681,170,300,434,1,1,1
184,1,693,155,230,448,1,1,1
185,1,688,148,227,456,1,1,1
186,1,695,137,220,466,1,1,1
187,1,693,134,217,469,1,1,1
188,1,684,121,228,481,1,1,1
189,1,686,111,225,490,1,1,1
190,1,670,93,240,512,1,1,1
191,1,665,86,252,518,1,1,1
192,1,646,78,279,526,1,1,1
193,1,644,76,281,528,1,1,1
194,1,643,70,286,537,1,1,1
195,1,644,67,281,540,1,1,1
196,1,644,62,272,545,1,1,1
197,1,644,59,270,547,1,1,1
198,1,645,52,272,554,1,1,1
199,1,647,45,274,561,1,1,1
200,1,659,63,260,543,1,1,1
201,1,657,88,258,518,1,1,1
202,1,653,135,266,470,1,1,1
203,1,659,145,260,461,1,1,1
204,1,648,166,281,441,1,1,1
205,1,646,177,307,429,1,1,1
206,1,661,185,318,420,1,1,1
207,1,674,180,309,425,1,1,1
208,1,707,167,258,439,1,1,1
209,1,725,164,248,444,1,1,1
210,1,751,160,251,448,1,1,1
211,1,749,165,263,443,1,1,1
212,1,757,140,264,469,1,1,1
213,1,762,126,258,483,1,1,1
214,1,775,105,265,504,1,1,1
215,1,785,98,261,511,1,1,1
216,1,802,87,250,525,1,1,1
217,1,810,86,237,525,1,1,1
218,1,826,83,225,528,1,1,1
219,1,835,83,214,528,1,1,1
220,1,837,77,211,534,1,1,1
221,1,842,76,208,537,1,1,1
222,1,842,74,220,539,1,1,1
223,1,847,74,219,539,1,1,1
224,1,860,85,210,527,1,1,1
225,1,870,91,208,522,1,1,1
226,1,875,115,211,498,1,1,1
227,1,872,132,219,481,1,1,1
228,1,872,164,231,449,1,1,1
229,1,872,171,241,440,1,1,1
230,1,878,178,259,434,1,1,1
231,1,880,180,262,432,1,1,1
232,1,883,184,259,428,1,1,1
233,1,886,188,257,425,1,1,1
234,1,884,183,246,431,1,1,1
235,1,885,177,238,437,1,1,1
236,1,885,166,228,448,1,1,1
237,1,890,163,221,451,1,1,1
238,1,896,159,219,455,1,1,1
239,1,908,151,211,463,1,1,1
240,1,916,148,208,466,1,1,1
241,1,923,148,207,466,1,1,1
242,1,927,151,207,463,1,1,1
243,1,938,163,203,451,1,1,1
244,1,939,174,207,440,1,1,1
245,1,944,194,210,420,1,1,1
246,1,945,196,216,418,1,1,1
247,1,947,202,225,412,1,1,1
248,1,948,197,225,417,1,1,1
249,1,952,176,222,437,1,1,1
250,1,955,156,219,458,1,1,1
251,1,959,156,220,458,1,1,1
252,1,957,149,222,461,1,1,1
253,1,958,136,220,475,1,1,1
254,1,957,130,220,481,1,1,1
255,1,958,118,219,492,1,1,1
256,1,959,113,219,497,1,1,1
257,1,962,104,217,506,1,1,1
258,1,963,104,215,506,1,1,1
259,1,966,96,217,514,1,1,1
260,1,968,95,215,515,1,1,1
261,1,974,100,210,510,1,1,1
262,1,975,112,213,498,1,1,1
263,1,981,147,212,463,1,1,1
264,1,982,172,209,437,1,1,1
265,1,985,183,206,427,1,1,1
266,1,988,193,204,416,1,1,1
267,1,995,195,193,414,1,1,1
268,1,998,196,187,414,1,1,1
269,1,999,198,194,411,1,1,1
270,1,1000,199,200,412,1,1,1
271,1,999,200,208,411,1,1,1
272,1,998,202,213,409,1,1,1
273,1,999,202,216,409,1,1,1
274,1,997,203,213,408,1,1,1
275,1,996,203,211,408,1,1,1
276,1,995,204,210,407,1,1,1
277,1,991,202,205,409,1,1,1
278,1,992,200,205,411,1,1,1
279,1,989,197,209,413,1,1,1
280,1,990,194,208,415,1,1,1
281,1,993,191,213,418,1,1,1
282,1,995,191,212,418,1,1,1
283,1,999,198,201,412,1,1,1
284,1,1000,206,203,403,1,1,1
285,1,998,225,212,384,1,1,1
286,1,996,235,211,374,1,1,1
287,1,997,254,216,355,1,1,1
288,1,994,259,219,350,1,1,1
289,1,997,271,209,337,1,1,1
290,1,998,273,201,333,1,1,1
291,1,1010,277,177,330,1,1,1
292,1,1015,273,177,331,1,1,1
293,1,998,262,200,339,1,1,1
294,1,991,247,210,353,1,1,1
295,1,985,208,223,388,1,1,1
296,1,982,197,230,391,1,1,1
297,1,979,192,237,393,1,1,1
298,1,975,195,244,389,1,1,1
299,1,967,210,258,379,1,1,1
300,1,965,221,264,375,1,1,1
301,1,965,258,253,338,1,1,1
302,1,966,270,240,323,1,1,1
303,1,963,289,234,303,1,1,1
304,1,961,296,230,296,1,1,1
305,1,962,304,221,286,1,1,1
306,1,962,305,216,282,1,1,1
307,1,963,309,204,275,1,1,1
308,1,954,309,201,274,1,1,1
309,1,924,308,200,272,1,1,1
310,1,911,307,195,273,1,1,1
311,1,889,305,190,276,1,1,1
312,1,879,304,180,278,1,1,1
313,1,860,312,182,271,1,1,1
314,1,848,314,188,267,1,1,1
315,1,832,316,183,265,1,1,1
316,1,822,313,177,268,1,1,1
317,1,801,312,165,268,1,1,1
318,1,790,310,160,269,1,1,1
319,1,770,315,151,265,1,1,1
320,1,762,318,144,261,1,1,1
321,1,742,323,138,257,1,1,1
322,1,736,323,133,253,1,1,1
323,1,716,321,142,254,1,1,1
324,1,711,321,143,258,1,1,1
325,1,700,327,150,252,1,1,1
326,1,695,331,151,251,1,1,1
327,1,692,332,150,249,1,1,1
328,1,695,333,146,249,1,1,1
329,1,688,332,139,250,1,1,1
330,1,688,333,134,249,1,1,1
331,1,690,336,122,245,1,1,1
332,1,691,338,119,244,1,1,1
333,1,690,339,123,243,1,1,1
334,1,689,341,125,241,1,1,1
335,1,692,345,130,237,1,1,1
336,1,695,346,132,236,1,1,1
337,1,700,346,129,235,1,1,1
338,1,703,345,128,236,1,1,1
339,1,708,342,119,239,1,1,1
340,1,710,341,114,241,1,1,1
341,1,722,336,107,245,1,1,1
342,1,721,336,109,242,1,1,1
343,1,732,337,105,241,1,1,1
344,1,739,338,103,240,1,1,1
345,1,741,345,111,232,1,1,1
346,1,741,346,116,231,1,1,1
347,1,743,351,131,226,1,1,1
348,1,742,352,126,225,1,1,1
349,1,737,353,130,224,1,1,1
350,1,740,353,134,223,1,1,1
351,1,736,354,158,223,1,1,1
352,1,732,355,170,221,1,1,1
353,1,728,355,174,221,1,1,1
354,1,730,355,176,221,1,1,1
355,1,736,355,174,221,1,1,1
356,1,740,356,173,220,1,1,1
357,1,751,356,171,220,1,1,1
358,1,754,356,170,219,1,1,1
359,1,761,354,171,217,1,1,1
360,1,761,353,166,218,1,1,1
361,1,771,349,172,222,1,1,1
362,1,774,346,171,225,1,1,1
363,1,788,339,166,232,1,1,1
364,1,796,336,161,235,1,1,1
365,1,811,331,151,242,1,1,1
366,1,814,330,148,243,1,1,1
367,1,820,330,147,242,1,1,1
368,1,822,335,150,237,1,1,1
369,1,822,342,153,230,1,1,1
370,1,823,349,157,223,1,1,1
371,1,829,358,162,215,1,1,1
372,1,835,359,161,214,1,1,1
373,1,848,363,153,210,1,1,1
374,1,856,364,153,209,1,1,1
375,1,877,366,140,207,1,1,1
376,1,887,365,136,208,1,1,1
377,1,897,345,131,227,1,1,1
378,1,899,345,136,227,1,1,1
379,1,904,315,144,257,1,1,1
380,1,910,300,143,272,1,1,1
381,1,921,279,152,293,1,1,1
382,1,926,271,154,294,1,1,1
383,1,935,261,166,293,1,1,1
384,1,940,261,168,291,1,1,1
385,1,950,264,175,295,1,1,1
386,1,957,274,176,302,1,1,1
387,1,978,305,183,271,1,1,1
388,1,992,313,182,263,1,1,1
389,1,1000,323,192,253,1,1,1
390,1,1005,327,193,249,1,1,1
391,1,1012,334,197,242,1,1,1
392,1,1019,337,196,238,1,1,1
393,1,1040,342,194,237,1,1,1
394,1,1047,342,200,237,1,1,1
395,1,1052,340,221,242,1,1,1
396,1,1060,338,218,245,1,1,1
397,1,1078,309,202,274,1,1,1
398,1,1092,289,188,295,1,1,1
399,1,1118,256,162,332,1,1,1
400,1,1117,245,162,336,1,1,1
401,1,1114,232,166,337,1,1,1
402,1,1108,229,171,318,1,1,1
403,1,1132,240,148,251,1,1,1
1,2,501,328,179,231,1,1,1
2,2,499,329,182,230,1,1,1
3,2,498,331,185,230,1,1,1
4,2,496,333,187,229,1,1,1
5,2,495,334,190,229,1,1,1
6,2,493,335,193,228,1,1,1
7,2,495,336,192,228,1,1,1
8,2,497,337,196,227,1,1,1
9,2,497,339,197,227,1,1,1
10,2,497,340,201,226,1,1,1
11,2,496,342,204,226,1,1,1
12,2,497,343,206,224,1,1,1
13,2,497,345,207,222,1,1,1
14,2,497,345,210,222,1,1,1
15,2,497,346,213,221,1,1,1
16,2,497,346,217,221,1,1,1
17,2,497,346,221,221,1,1,1
18,2,496,343,226,225,1,1,1
19,2,496,339,229,228,1,1,1
20,2,496,333,233,234,1,1,1
21,2,498,328,230,237,1,1,1
22,2,507,324,216,242,1,1,1
23,2,516,320,196,246,1,1,1
24,2,539,319,143,248,1,1,1
25,2,554,319,109,248,1,1,1
26,2,554,323,117,244,1,1,1
27,2,553,327,123,241,1,1,1
28,2,556,331,128,237,1,1,1
29,2,555,332,133,236,1,1,1
30,2,571,323,132,246,1,1,1
31,2,582,316,127,253,1,1,1
32,2,606,308,117,261,1,1,1
33,2,613,307,116,262,1,1,1
34,2,626,305,128,262,1,1,1
35,2,625,305,142,261,1,1,1
36,2,645,306,144,261,1,1,1
37,2,650,305,146,263,1,1,1
38,2,653,295,154,274,1,1,1
39,2,656,289,157,281,1,1,1
40,2,677,278,155,293,1,1,1
41,2,697,274,143,298,1,1,1
42,2,698,266,152,304,1,1,1
43,2,693,263,159,307,1,1,1
44,2,713,261,147,311,1,1,1
45,2,718,258,144,315,1,1,1
46,2,728,256,140,320,1,1,1
47,2,732,253,143,322,1,1,1
48,2,738,252,143,322,1,1,1
49,2,740,250,142,325,1,1,1
50,2,743,248,142,328,1,1,1
51,2,746,247,146,329,1,1,1
52,2,744,268,154,309,1,1,1
53,2,740,282,158,295,1,1,1
54,2,737,291,167,287,1,1,1
55,2,739,291,169,287,1,1,1
56,2,737,293,176,289,1,1,1
57,2,737,294,177,289,1,1,1
58,2,748,295,169,289,1,1,1
59,2,753,294,165,291,1,1,1
60,2,761,283,160,303,1,1,1
61,2,768,278,161,309,1,1,1
62,2,779,269,159,319,1,1,1
63,2,782,259,161,330,1,1,1
64,2,788,259,159,330,1,1,1
65,2,791,254,154,336,1,1,1
66,2,798,248,153,343,1,1,1
67,2,803,248,155,346,1,1,1
68,2,809,263,159,332,1,1,1
69,2,804,276,167,319,1,1,1
70,2,800,281,180,315,1,1,1
71,2,798,281,184,316,1,1,1
72,2,801,281,188,320,1,1,1
73,2,810,282,181,320,1,1,1
74,2,813,273,188,333,1,1,1
75,2,816,264,190,343,1,1,1
76,2,825,247,191,361,1,1,1
77,2,831,241,187,368,1,1,1
78,2,840,229,183,379,1,1,1
79,2,844,229,184,381,1,1,1
80,2,848,227,185,384,1,1,1
81,2,850,226,185,387,1,1,1
82,2,852,224,184,389,1,1,1
83,2,851,223,185,391,1,1,1
84,2,853,222,183,393,1,1,1
85,2,850,222,184,395,1,1,1
86,2,852,223,181,393,1,1,1
87,2,853,222,179,394,1,1,1
88,2,852,221,184,394,1,1,1
89,2,852,220,182,394,1,1,1
90,2,851,220,181,394,1,1,1
91,2,847,219,184,395,1,1,1
92,2,844,218,184,397,1,1,1
93,2,840,217,186,399,1,1,1
94,2,834,216,204,397,1,1,1
95,2,828,225,220,386,1,1,1
96,2,818,259,258,353,1,1,1
97,2,813,264,271,346,1,1,1
98,2,813,264,275,347,1,1,1
99,2,812,264,280,347,1,1,1
100,2,822,263,247,350,1,1,1
101,2,830,262,225,350,1,1,1
102,2,850,265,182,349,1,1,1
103,2,847,266,172,348,1,1,1
104,2,845,270,162,344,1,1,1
105,2,843,271,162,343,1,1,1
106,2,841,273,162,341,1,1,1
107,2,838,275,165,338,1,1,1
108,2,836,273,169,340,1,1,1
109,2,834,275,172,338,1,1,1
110,2,830,275,174,338,1,1,1
111,2,827,274,174,339,1,1,1
112,2,822,271,173,341,1,1,1
113,2,822,272,169,340,1,1,1
114,2,819,268,161,344,1,1,1
115,2,818,267,163,344,1,1,1
116,2,815,266,161,345,1,1,1
117,2,811,264,160,346,1,1,1
118,2,805,267,164,343,1,1,1
119,2,798,271,169,339,1,1,1
120,2,780,276,192,334,1,1,1
121,2,776,280,199,330,1,1,1
122,2,761,286,215,323,1,1,1
123,2,750,287,227,322,1,1,1
124,2,741,289,236,320,1,1,1
125,2,744,287,232,321,1,1,1
126,2,707,286,261,322,1,1,1
127,2,666,285,295,323,1,1,1
128,2,654,282,299,325,1,1,1
129,2,647,280,299,328,1,1,1
130,2,628,278,306,329,1,1,1
131,2,627,277,314,330,1,1,1
132,2,621,276,327,332,1,1,1
133,2,620,275,326,333,1,1,1
134,2,615,272,331,337,1,1,1
135,2,609,269,335,340,1,1,1
136,2,593,268,359,342,1,1,1
137,2,594,269,354,341,1,1,1
138,2,593,268,321,342,1,1,1
139,2,601,267,286,344,1,1,1
140,2,600,266,261,345,1,1,1
141,2,604,265,251,347,1,1,1
142,2,615,257,219,355,1,1,1
143,2,620,256,196,357,1,1,1
144,2,635,254,188,359,1,1,1
145,2,643,255,189,358,1,1,1
146,2,638,254,208,360,1,1,1
147,2,624,255,236,359,1,1,1
148,2,611,254,237,362,1,1,1
149,2,602,243,242,373,1,1,1
150,2,607,241,232,375,1,1,1
151,2,606,231,228,385,1,1,1
152,2,591,226,239,390,1,1,1
153,2,589,224,219,393,1,1,1
154,2,585,220,217,396,1,1,1
155,2,590,218,206,398,1,1,1
156,2,589,216,195,399,1,1,1
157,2,587,213,194,401,1,1,1
158,2,586,214,190,401,1,1,1
159,2,574,218,198,397,1,1,1
160,2,573,242,206,370,1,1,1
161,2,571,262,213,350,1,1,1
162,2,557,270,230,342,1,1,1
163,2,551,276,237,336,1,1,1
164,2,548,279,235,334,1,1,1
165,2,543,282,247,327,1,1,1
166,2,536,282,224,325,1,1,1
167,2,535,280,231,328,1,1,1
168,2,540,275,222,333,1,1,1
169,2,522,275,244,333,1,1,1
170,2,482,267,290,336,1,1,1
171,2,462,265,309,339,1,1,1
172,2,454,261,321,343,1,1,1
173,2,446,256,334,347,1,1,1
174,2,442,253,351,350,1,1,1
175,2,445,252,354,351,1,1,1
176,2,441,251,353,351,1,1,1
177,2,437,247,354,355,1,1,1
178,2,426,243,386,359,1,1,1
179,2,429,243,381,359,1,1,1
180,2,424,244,360,362,1,1,1
181,2,435,247,320,355,1,1,1
182,2,445,244,271,358,1,1,1
183,2,448,242,257,360,1,1,1
184,2,456,231,228,370,1,1,1
185,2,461,224,205,378,1,1,1
186,2,470,216,174,386,1,1,1
187,2,479,211,167,388,1,1,1
188,2,484,212,166,392,1,1,1
189,2,480,211,185,392,1,1,1
190,2,478,208,194,395,1,1,1
191,2,472,202,204,401,1,1,1
192,2,458,189,217,414,1,1,1
193,2,458,185,227,418,1,1,1
194,2,468,179,223,424,1,1,1
195,2,465,177,228,426,1,1,1
196,2,463,176,218,427,1,1,1
197,2,468,174,209,428,1,1,1
198,2,465,173,208,434,1,1,1
199,2,463,173,207,433,1,1,1
200,2,469,174,197,433,1,1,1
201,2,473,180,192,427,1,1,1
202,2,471,217,215,390,1,1,1
203,2,474,227,223,379,1,1,1
204,2,468,242,243,365,1,1,1
205,2,470,250,246,357,1,1,1
206,2,474,261,270,346,1,1,1
207,2,482,259,266,348,1,1,1
208,2,500,251,243,355,1,1,1
209,2,514,247,221,360,1,1,1
210,2,545,241,198,366,1,1,1
211,2,560,240,196,367,1,1,1
212,2,584,217,178,392,1,1,1
213,2,593,202,168,407,1,1,1
214,2,608,175,167,434,1,1,1
215,2,616,169,161,440,1,1,1
216,2,627,161,152,448,1,1,1
217,2,631,155,151,455,1,1,1
218,2,638,152,145,458,1,1,1
219,2,639,151,147,459,1,1,1
220,2,644,150,152,460,1,1,1
221,2,648,156,179,455,1,1,1
222,2,666,155,152,456,1,1,1
223,2,673,158,150,453,1,1,1
224,2,680,192,164,419,1,1,1
225,2,687,209,169,403,1,1,1
226,2,695,230,184,382,1,1,1
227,2,702,231,183,381,1,1,1
228,2,706,232,190,380,1,1,1
229,2,707,233,189,380,1,1,1
230,2,714,237,177,376,1,1,1
231,2,713,238,178,375,1,1,1
232,2,710,234,178,379,1,1,1
233,2,710,233,176,381,1,1,1
234,2,710,226,170,387,1,1,1
235,2,710,226,170,388,1,1,1
236,2,708,222,173,392,1,1,1
237,2,709,221,173,394,1,1,1
238,2,713,218,174,397,1,1,1
239,2,719,215,176,400,1,1,1
240,2,720,217,176,398,1,1,1
241,2,724,239,171,376,1,1,1
242,2,725,239,170,377,1,1,1
243,2,729,241,166,375,1,1,1
244,2,731,242,165,372,1,1,1
245,2,736,248,164,366,1,1,1
246,2,735,250,170,364,1,1,1
247,2,728,239,178,375,1,1,1
248,2,731,229,176,385,1,1,1
249,2,727,208,180,406,1,1,1
250,2,726,199,181,416,1,1,1
251,2,724,190,184,425,1,1,1
252,2,720,186,184,429,1,1,1
253,2,720,183,176,432,1,1,1
254,2,720,180,175,436,1,1,1
255,2,717,177,173,439,1,1,1
256,2,716,175,174,441,1,1,1
257,2,718,175,172,441,1,1,1
258,2,720,172,170,444,1,1,1
259,2,723,172,165,441,1,1,1
260,2,725,173,158,440,1,1,1
261,2,728,175,162,436,1,1,1
262,2,730,185,162,426,1,1,1
263,2,737,221,157,390,1,1,1
264,2,737,243,160,368,1,1,1
265,2,748,241,152,370,1,1,1
266,2,755,240,148,371,1,1,1
267,2,766,238,141,373,1,1,1
268,2,769,238,142,374,1,1,1
269,2,774,239,155,373,1,1,1
270,2,776,240,156,372,1,1,1
271,2,777,241,158,370,1,1,1
272,2,776,240,158,372,1,1,1
273,2,775,244,162,368,1,1,1
274,2,776,246,160,366,1,1,1
275,2,779,247,157,365,1,1,1
276,2,780,248,158,363,1,1,1
277,2,778,250,165,362,1,1,1
278,2,774,248,170,364,1,1,1
279,2,776,246,170,366,1,1,1
280,2,778,245,167,365,1,1,1
281,2,789,244,156,369,1,1,1
282,2,793,246,157,366,1,1,1
283,2,796,250,157,361,1,1,1
284,2,794,255,161,357,1,1,1
285,2,785,265,162,346,1,1,1
286,2,776,272,159,339,1,1,1
287,2,766,286,164,325,1,1,1
288,2,762,295,168,316,1,1,1
289,2,760,307,172,304,1,1,1
290,2,759,308,169,299,1,1,1
291,2,772,306,143,300,1,1,1
292,2,774,303,128,303,1,1,1
293,2,790,296,111,308,1,1,1
294,2,793,284,116,318,1,1,1
295,2,786,249,118,351,1,1,1
296,2,779,234,127,359,1,1,1
297,2,767,223,148,362,1,1,1
298,2,760,227,157,355,1,1,1
299,2,747,254,172,329,1,1,1
300,2,742,259,174,325,1,1,1
301,2,732,273,185,319,1,1,1
302,2,725,283,189,313,1,1,1
303,2,712,307,202,287,1,1,1
304,2,714,316,206,277,1,1,1
305,2,715,319,199,272,1,1,1
306,2,724,318,180,271,1,1,1
307,2,747,316,148,263,1,1,1
308,2,752,316,148,268,1,1,1
309,2,747,323,158,261,1,1,1
310,2,743,324,160,259,1,1,1
311,2,728,326,166,258,1,1,1
312,2,723,322,167,260,1,1,1
313,2,716,320,165,262,1,1,1
314,2,709,321,168,263,1,1,1
315,2,691,327,180,256,1,1,1
316,2,684,330,178,252,1,1,1
317,2,675,335,171,248,1,1,1
318,2,674,335,169,247,1,1,1
319,2,671,338,158,244,1,1,1
320,2,670,340,161,242,1,1,1
321,2,664,348,148,233,1,1,1
322,2,665,349,142,231,1,1,1
323,2,662,347,134,231,1,1,1
324,2,661,345,143,231,1,1,1
325,2,662,349,173,231,1,1,1
326,2,660,353,118,227,1,1,1
327,2,663,355,121,227,1,1,1
328,2,669,355,107,226,1,1,1
329,2,676,356,107,225,1,1,1
330,2,677,356,98,225,1,1,1
331,2,680,359,101,222,1,1,1
332,2,682,362,99,219,1,1,1
333,2,686,364,104,217,1,1,1
334,2,689,366,106,215,1,1,1
335,2,693,370,108,209,1,1,1
336,2,697,374,109,204,1,1,1
337,2,702,373,113,206,1,1,1
338,2,706,370,112,209,1,1,1
339,2,714,369,108,210,1,1,1
340,2,713,367,108,212,1,1,1
341,2,721,368,114,210,1,1,1
345,2,733,374,123,204,1,1,1
346,2,736,375,124,203,1,1,1
347,2,739,370,126,207,1,1,1
348,2,741,371,132,206,1,1,1
349,2,744,373,138,205,1,1,1
350,2,743,374,145,202,1,1,1
351,2,744,374,151,199,1,1,1
352,2,746,376,152,198,1,1,1
353,2,746,376,152,200,1,1,1
354,2,739,377,160,196,1,1,1
355,2,745,378,165,195,1,1,1
356,2,748,377,165,195,1,1,1
357,2,759,378,165,194,1,1,1
358,2,760,379,166,193,1,1,1
359,2,770,380,157,191,1,1,1
360,2,767,381,163,190,1,1,1
361,2,778,382,159,189,1,1,1
362,2,776,369,161,203,1,1,1
363,2,800,370,142,203,1,1,1
364,2,803,365,142,209,1,1,1
365,2,811,365,139,208,1,1,1
366,2,804,355,151,218,1,1,1
367,2,807,356,152,217,1,1,1
368,2,810,356,153,217,1,1,1
369,2,815,356,153,216,1,1,1
370,2,821,357,152,216,1,1,1
371,2,831,357,152,215,1,1,1
372,2,834,354,155,218,1,1,1
373,2,849,354,147,218,1,1,1
374,2,849,354,153,217,1,1,1
375,2,856,354,155,218,1,1,1
376,2,863,354,154,218,1,1,1
377,2,866,352,162,220,1,1,1
378,2,869,351,165,221,1,1,1
379,2,873,350,175,222,1,1,1
380,2,880,350,173,221,1,1,1
381,2,891,354,156,220,1,1,1
382,2,900,355,150,218,1,1,1
383,2,916,362,146,211,1,1,1
384,2,920,366,146,209,1,1,1
385,2,924,371,145,206,1,1,1
386,2,927,376,145,202,1,1,1
387,2,931,377,156,201,1,1,1
388,2,935,376,162,202,1,1,1
389,2,939,367,168,211,1,1,1
390,2,943,364,168,214,1,1,1
391,2,947,364,169,214,1,1,1
392,2,951,363,169,215,1,1,1
393,2,955,363,169,217,1,1,1
394,2,959,362,169,218,1,1,1
395,2,963,362,169,221,1,1,1
396,2,967,362,169,224,1,1,1
397,2,968,363,172,224,1,1,1
398,2,970,363,174,224,1,1,1
399,2,973,360,174,231,1,1,1
400,2,974,360,180,234,1,1,1
401,2,991,360,167,234,1,1,1
402,2,995,363,167,231,1,1,1
403,2,1006,368,164,226,1,1,1
373,3,3,350,81,149,1,1,1
374,3,3,306,86,193,1,1,1
375,3,3,304,99,196,1,1,1
376,3,3,305,104,278,1,1,1
377,3,3,307,109,361,1,1,1
378,3,0,306,114,278,1,1,1
379,3,0,306,119,280,1,1,1
380,3,0,309,128,278,1,1,1
381,3,0,313,139,275,1,1,1
382,3,0,314,150,275,1,1,1
383,3,0,315,161,274,1,1,1
384,3,0,316,171,274,1,1,1
385,3,0,327,172,264,1,1,1
386,3,2,333,179,259,1,1,1
387,3,4,338,186,254,1,1,1
388,3,4,338,194,256,1,1,1
389,3,5,331,196,264,1,1,1
390,3,5,327,203,268,1,1,1
391,3,11,319,205,277,1,1,1
392,3,13,320,212,277,1,1,1
393,3,14,322,219,275,1,1,1
394,3,18,323,215,275,1,1,1
395,3,31,324,209,275,1,1,1
396,3,33,326,215,274,1,1,1
397,3,44,326,212,275,1,1,1
398,3,52,327,211,275,1,1,1
399,3,68,328,195,274,1,1,1
400,3,77,329,185,274,1,1,1
401,3,88,325,181,279,1,1,1
402,3,92,328,180,277,1,1,1
403,3,97,349,186,256,1,1,1
350,4,0,288,85,301,1,1,1
351,4,0,285,105,303,1,1,1
352,4,0,285,119,303,1,1,1
353,4,0,289,125,299,1,1,1
354,4,0,290,130,298,1,1,1
355,4,0,288,143,300,1,1,1
356,4,0,289,151,299,1,1,1
357,4,0,289,164,299,1,1,1
358,4,0,288,167,299,1,1,1
359,4,0,288,172,300,1,1,1
360,4,0,285,177,298,1,1,1
361,4,0,284,189,299,1,1,1
362,4,0,284,188,298,1,1,1
363,4,0,281,198,301,1,1,1
364,4,0,280,204,300,1,1,1
365,4,0,280,216,300,1,1,1
366,4,0,280,221,300,1,1,1
367,4,0,283,236,296,1,1,1
368,4,0,286,241,297,1,1,1
369,4,0,292,245,291,1,1,1
370,4,0,294,246,290,1,1,1
371,4,4,300,249,284,1,1,1
372,4,9,300,245,284,1,1,1
373,4,15,295,248,289,1,1,1
374,4,20,290,244,293,1,1,1
375,4,21,280,245,304,1,1,1
376,4,22,271,242,312,1,1,1
377,4,21,255,244,328,1,1,1
378,4,23,245,238,337,1,1,1
379,4,27,223,239,365,1,1,1
380,4,28,213,244,375,1,1,1
381,4,33,195,248,393,1,1,1
382,4,34,190,249,394,1,1,1
383,4,39,183,253,395,1,1,1
384,4,41,182,257,395,1,1,1
385,4,48,194,260,397,1,1,1
386,4,51,211,265,380,1,1,1
387,4,60,245,283,346,1,1,1
388,4,65,249,287,343,1,1,1
389,4,75,253,291,338,1,1,1
390,4,79,256,294,335,1,1,1
391,4,93,261,290,330,1,1,1
392,4,100,265,287,329,1,1,1
393,4,120,267,275,328,1,1,1
394,4,130,255,274,340,1,1,1
395,4,158,238,283,360,1,1,1
396,4,174,229,282,369,1,1,1
397,4,201,213,274,386,1,1,1
398,4,213,203,274,396,1,1,1
399,4,229,180,277,422,1,1,1
400,4,234,170,280,432,1,1,1
401,4,244,155,284,437,1,1,1
402,4,241,154,298,434,1,1,1
403,4,241,177,318,417,1,1,1
395,5,0,272,130,326,1,1,1
396,5,0,271,139,329,1,1,1
397,5,0,263,159,340,1,1,1
398,5,0,256,167,343,1,1,1
399,5,0,237,179,366,1,1,1
400,5,0,229,185,376,1,1,1
401,5,0,217,203,377,1,1,1
402,5,0,212,206,381,1,1,1
403,5,0,209,213,396,1,1,1
1,6,419,381,138,179,1,1,1
2,6,419,383,139,179,1,1,1
3,6,419,385,139,178,1,1,1
4,6,418,386,140,178,1,1,1
5,6,418,386,141,178,1,1,1
6,6,417,388,142,177,1,1,1
7,6,417,389,143,177,1,1,1
8,6,417,389,144,178,1,1,1
9,6,416,390,145,178,1,1,1
10,6,416,391,146,177,1,1,1
11,6,415,392,147,176,1,1,1
12,6,415,392,147,177,1,1,1
13,6,414,393,148,176,1,1,1
14,6,414,390,149,178,1,1,1
15,6,414,390,150,179,1,1,1
16,6,413,390,151,178,1,1,1
17,6,407,389,158,179,1,1,1
18,6,400,386,163,181,1,1,1
19,6,399,383,165,184,1,1,1
20,6,395,379,166,189,1,1,1
21,6,394,376,150,192,1,1,1
22,6,392,374,144,195,1,1,1
23,6,395,371,142,198,1,1,1
24,6,423,371,113,198,1,1,1
25,6,420,372,115,197,1,1,1
26,6,411,375,117,195,1,1,1
27,6,410,377,117,193,1,1,1
28,6,408,379,111,192,1,1,1
29,6,390,382,124,189,1,1,1
30,6,391,380,115,191,1,1,1
31,6,368,379,129,193,1,1,1
33,6,364,378,116,195,1,1,1
34,6,357,377,98,196,1,1,1
35,6,351,374,93,200,1,1,1
36,6,340,361,92,213,1,1,1
37,6,334,349,99,224,1,1,1
41,6,305,334,104,244,1,1,1
42,6,295,330,106,249,1,1,1
43,6,289,326,103,253,1,1,1
44,6,279,325,104,255,1,1,1
45,6,269,325,106,256,1,1,1
46,6,258,321,109,260,1,1,1
47,6,254,318,104,264,1,1,1
48,6,250,317,99,266,1,1,1
49,6,250,318,92,265,1,1,1
50,6,246,328,87,256,1,1,1
51,6,243,335,94,249,1,1,1
52,6,234,354,103,231,1,1,1
53,6,230,352,104,233,1,1,1
54,6,223,353,106,233,1,1,1
55,6,219,354,108,233,1,1,1
56,6,215,354,107,237,1,1,1
57,6,212,355,110,237,1,1,1
58,6,202,357,118,235,1,1,1
59,6,200,355,113,238,1,1,1
60,6,199,351,109,245,1,1,1
61,6,199,348,104,246,1,1,1
62,6,199,343,105,252,1,1,1
63,6,198,342,108,254,1,1,1
64,6,199,337,108,260,1,1,1
65,6,196,335,108,264,1,1,1
66,6,192,331,107,268,1,1,1
67,6,193,329,106,272,1,1,1
68,6,190,325,107,278,1,1,1
69,6,186,324,109,280,1,1,1
70,6,181,320,112,284,1,1,1
71,6,176,320,114,286,1,1,1
72,6,174,318,111,291,1,1,1
73,6,171,316,115,293,1,1,1
74,6,165,317,116,293,1,1,1
75,6,160,320,117,291,1,1,1
76,6,160,330,119,282,1,1,1
77,6,159,338,122,274,1,1,1
78,6,154,339,128,273,1,1,1
79,6,152,338,134,274,1,1,1
80,6,144,341,143,272,1,1,1
81,6,142,338,145,276,1,1,1
82,6,138,324,146,291,1,1,1
83,6,135,319,148,296,1,1,1
84,6,134,312,151,304,1,1,1
85,6,133,308,155,307,1,1,1
86,6,132,301,161,315,1,1,1
87,6,133,298,162,318,1,1,1
88,6,133,293,163,321,1,1,1
89,6,131,290,166,324,1,1,1
90,6,132,282,167,332,1,1,1
91,6,125,282,172,334,1,1,1
92,6,121,278,174,336,1,1,1
93,6,119,277,174,339,1,1,1
94,6,125,277,167,337,1,1,1
95,6,121,285,177,330,1,1,1
96,6,112,302,202,314,1,1,1
97,6,108,313,219,298,1,1,1
98,6,108,328,230,284,1,1,1
99,6,109,329,230,284,1,1,1
100,6,121,331,209,283,1,1,1
101,6,128,330,196,284,1,1,1
102,6,141,329,164,283,1,1,1
103,6,146,329,156,284,1,1,1
104,6,144,328,156,284,1,1,1
105,6,141,328,155,284,1,1,1
106,6,138,327,155,285,1,1,1
107,6,136,327,155,285,1,1,1
108,6,137,329,151,283,1,1,1
109,6,135,329,150,283,1,1,1
110,6,134,329,148,281,1,1,1
111,6,131,331,146,280,1,1,1
112,6,128,333,146,277,1,1,1
113,6,125,331,148,280,1,1,1
114,6,122,327,147,283,1,1,1
115,6,119,324,144,286,1,1,1
116,6,113,324,140,287,1,1,1
117,6,110,328,140,283,1,1,1
118,6,105,335,149,275,1,1,1
119,6,104,336,151,273,1,1,1
120,6,97,345,164,265,1,1,1
121,6,98,347,169,263,1,1,1
122,6,98,353,171,258,1,1,1
123,6,101,354,167,257,1,1,1
124,6,108,356,169,254,1,1,1
125,6,115,356,173,256,1,1,1
126,6,124,356,177,255,1,1,1
127,6,122,357,184,254,1,1,1
128,6,95,358,216,253,1,1,1
129,6,84,358,234,253,1,1,1
130,6,76,359,238,252,1,1,1
131,6,77,353,234,257,1,1,1
132,6,85,353,222,257,1,1,1
133,6,92,353,219,257,1,1,1
134,6,100,358,213,253,1,1,1
135,6,100,357,217,253,1,1,1
136,6,109,355,212,255,1,1,1
137,6,120,354,206,260,1,1,1
138,6,152,354,171,260,1,1,1
139,6,155,354,160,261,1,1,1
140,6,160,355,159,259,1,1,1
141,6,163,355,143,259,1,1,1
142,6,171,353,137,262,1,1,1
143,6,175,342,135,273,1,1,1
144,6,184,341,130,274,1,1,1
145,6,183,338,132,277,1,1,1
146,6,180,335,138,280,1,1,1
147,6,178,338,142,277,1,1,1
148,6,171,331,139,285,1,1,1
149,6,169,326,143,290,1,1,1
150,6,169,320,145,293,1,1,1
151,6,169,317,146,296,1,1,1
152,6,170,310,147,303,1,1,1
153,6,171,309,148,304,1,1,1
154,6,171,308,150,305,1,1,1
155,6,173,308,149,305,1,1,1
156,6,176,331,139,281,1,1,1
157,6,178,348,138,265,1,1,1
158,6,182,358,135,255,1,1,1
159,6,183,361,162,252,1,1,1
160,6,188,368,160,245,1,1,1
161,6,192,369,152,244,1,1,1
162,6,201,371,167,241,1,1,1
163,6,207,373,162,239,1,1,1
164,6,230,374,190,236,1,1,1
165,6,243,377,197,232,1,1,1
166,6,256,379,174,229,1,1,1
167,6,252,374,193,233,1,1,1
168,6,234,372,203,235,1,1,1
169,6,235,370,194,236,1,1,1
170,6,257,370,180,235,1,1,1
171,6,275,370,170,235,1,1,1
172,6,295,370,159,235,1,1,1
173,6,315,370,148,235,1,1,1
174,6,335,370,137,236,1,1,1
175,6,320,370,156,235,1,1,1
182,6,347,362,115,238,1,1,1
183,6,354,357,113,243,1,1,1
184,6,346,357,133,245,1,1,1
185,6,347,356,133,246,1,1,1
186,6,349,352,130,246,1,1,1
187,6,340,340,149,258,1,1,1
188,6,348,336,147,263,1,1,1
189,6,345,334,155,266,1,1,1
190,6,361,331,153,272,1,1,1
191,6,363,333,154,273,1,1,1
192,6,357,334,164,274,1,1,1
193,6,359,333,166,275,1,1,1
194,6,362,332,168,276,1,1,1
195,6,367,331,162,277,1,1,1
196,6,372,329,156,278,1,1,1
197,6,375,328,152,279,1,1,1
198,6,367,340,162,267,1,1,1
199,6,363,348,164,259,1,1,1
200,6,391,355,141,252,1,1,1
201,6,381,362,155,244,1,1,1
202,6,382,372,159,235,1,1,1
205,6,347,362,179,246,1,1,1
206,6,344,361,150,246,1,1,1
207,6,347,357,147,251,1,1,1
208,6,351,352,147,256,1,1,1
209,6,354,346,126,261,1,1,1
210,6,352,341,119,266,1,1,1
211,6,350,336,112,271,1,1,1
214,6,332,308,97,305,1,1,1
215,6,319,304,96,306,1,1,1
216,6,300,298,99,312,1,1,1
217,6,302,300,88,310,1,1,1
218,6,298,292,93,319,1,1,1
219,6,291,290,97,320,1,1,1
220,6,277,286,103,324,1,1,1
221,6,273,288,106,323,1,1,1
222,6,263,284,107,328,1,1,1
223,6,256,286,109,326,1,1,1
224,6,249,293,111,319,1,1,1
225,6,242,303,113,309,1,1,1
226,6,235,321,115,292,1,1,1
227,6,232,330,113,284,1,1,1
228,6,226,344,115,271,1,1,1
229,6,219,343,116,272,1,1,1
230,6,213,345,118,271,1,1,1
231,6,209,346,116,270,1,1,1
232,6,201,344,120,273,1,1,1
233,6,198,341,118,276,1,1,1
234,6,193,331,118,286,1,1,1
235,6,187,327,118,290,1,1,1
236,6,178,321,122,297,1,1,1
237,6,176,318,120,300,1,1,1
238,6,174,316,116,303,1,1,1
239,6,171,316,115,304,1,1,1
240,6,170,315,111,305,1,1,1
241,6,168,314,107,307,1,1,1
242,6,167,314,108,306,1,1,1
243,6,164,315,116,306,1,1,1
244,6,165,318,107,301,1,1,1
245,6,161,331,115,289,1,1,1
246,6,158,337,115,283,1,1,1
247,6,147,342,122,279,1,1,1
248,6,145,344,112,277,1,1,1
249,6,139,346,119,275,1,1,1
250,6,134,348,126,274,1,1,1
251,6,127,349,135,270,1,1,1
252,6,122,338,137,282,1,1,1
253,6,115,322,139,298,1,1,1
254,6,112,316,138,304,1,1,1
255,6,106,305,140,313,1,1,1
256,6,101,301,141,318,1,1,1
257,6,96,297,143,322,1,1,1
258,6,96,295,140,322,1,1,1
259,6,90,291,142,326,1,1,1
260,6,87,288,142,330,1,1,1
261,6,77,284,155,331,1,1,1
262,6,74,291,157,325,1,1,1
263,6,63,313,184,303,1,1,1
264,6,50,328,202,288,1,1,1
265,6,48,335,202,282,1,1,1
266,6,47,335,199,282,1,1,1
267,6,48,334,196,282,1,1,1
268,6,52,335,182,281,1,1,1
269,6,62,336,162,280,1,1,1
270,6,65,335,153,281,1,1,1
271,6,62,334,150,283,1,1,1
272,6,60,335,148,282,1,1,1
273,6,57,336,148,281,1,1,1
274,6,53,336,152,281,1,1,1
275,6,49,338,153,279,1,1,1
276,6,47,339,152,279,1,1,1
277,6,46,340,150,278,1,1,1
278,6,45,341,148,277,1,1,1
279,6,45,341,147,278,1,1,1
280,6,43,340,149,278,1,1,1
281,6,46,338,145,280,1,1,1
282,6,44,335,145,283,1,1,1
283,6,40,331,149,288,1,1,1
284,6,38,332,159,287,1,1,1
285,6,34,340,182,279,1,1,1
286,6,34,346,188,272,1,1,1
287,6,30,354,195,264,1,1,1
288,6,30,357,194,261,1,1,1
289,6,36,359,176,259,1,1,1
290,6,42,357,162,261,1,1,1
291,6,59,354,152,262,1,1,1
292,6,63,352,154,261,1,1,1
293,6,42,356,184,255,1,1,1
294,6,35,357,186,249,1,1,1
295,6,38,325,185,282,1,1,1
296,6,44,311,180,294,1,1,1
297,6,59,291,170,314,1,1,1
298,6,67,284,162,319,1,1,1
299,6,88,277,145,323,1,1,1
300,6,98,278,136,322,1,1,1
301,6,117,288,123,313,1,1,1
302,6,115,296,123,306,1,1,1
303,6,112,327,135,272,1,1,1
304,6,110,340,138,259,1,1,1
305,6,102,342,152,255,1,1,1
306,6,102,340,158,253,1,1,1
307,6,105,331,164,261,1,1,1
308,6,106,327,168,264,1,1,1
309,6,98,327,186,264,1,1,1
310,6,91,330,196,261,1,1,1
311,6,79,339,211,251,1,1,1
312,6,73,344,218,244,1,1,1
313,6,68,346,214,241,1,1,1
314,6,65,343,209,244,1,1,1
315,6,64,336,188,251,1,1,1
316,6,58,331,182,255,1,1,1
317,6,56,331,168,259,1,1,1
318,6,43,328,173,261,1,1,1
319,6,24,328,177,260,1,1,1
320,6,11,327,180,261,1,1,1
321,6,0,322,167,266,1,1,1
322,6,0,319,156,269,1,1,1
323,6,1,315,135,272,1,1,1
324,6,-1,316,125,272,1,1,1
325,6,0,318,119,270,1,1,1
326,6,3,315,116,272,1,1,1
327,6,0,309,118,278,1,1,1
328,6,-2,306,119,281,1,1,1
329,6,0,306,114,280,1,1,1
330,6,0,307,114,280,1,1,1
331,6,0,305,121,286,1,1,1
332,6,0,302,129,288,1,1,1
333,6,0,305,140,285,1,1,1
334,6,2,307,150,283,1,1,1
335,6,5,310,159,280,1,1,1
336,6,16,313,160,277,1,1,1
337,6,20,314,173,277,1,1,1
338,6,26,313,174,277,1,1,1
339,6,44,310,159,281,1,1,1
340,6,50,306,152,285,1,1,1
341,6,71,298,148,287,1,1,1
342,6,76,298,149,287,1,1,1
343,6,96,303,157,282,1,1,1
344,6,106,304,161,281,1,1,1
345,6,121,312,169,273,1,1,1
346,6,131,312,174,272,1,1,1
347,6,136,316,194,269,1,1,1
348,6,140,316,204,266,1,1,1
349,6,141,316,216,266,1,1,1
350,6,142,316,220,265,1,1,1
351,6,147,316,227,266,1,1,1
352,6,152,316,228,267,1,1,1
353,6,149,317,230,267,1,1,1
354,6,151,317,233,265,1,1,1
355,6,155,315,237,266,1,1,1
356,6,158,314,242,267,1,1,1
357,6,169,311,242,271,1,1,1
358,6,171,308,245,273,1,1,1
359,6,178,306,245,276,1,1,1
360,6,185,303,245,279,1,1,1
361,6,202,300,240,277,1,1,1
362,6,207,298,240,279,1,1,1
363,6,221,299,234,277,1,1,1
364,6,229,299,233,277,1,1,1
365,6,246,301,221,274,1,1,1
366,6,252,303,217,272,1,1,1
367,6,258,306,212,269,1,1,1
368,6,261,308,215,272,1,1,1
369,6,272,313,211,267,1,1,1
370,6,276,316,213,264,1,1,1
371,6,294,319,214,261,1,1,1
372,6,302,319,216,261,1,1,1
373,6,320,318,218,261,1,1,1
374,6,328,316,218,263,1,1,1
375,6,331,312,227,267,1,1,1
376,6,326,309,239,270,1,1,1
377,6,316,295,249,283,1,1,1
378,6,317,279,251,300,1,1,1
379,6,328,244,240,335,1,1,1
380,6,333,231,236,347,1,1,1
381,6,347,210,229,357,1,1,1
382,6,349,204,228,363,1,1,1
383,6,359,200,230,363,1,1,1
384,6,365,203,235,367,1,1,1
385,6,378,218,248,367,1,1,1
386,6,385,232,250,354,1,1,1
387,6,408,270,246,316,1,1,1
388,6,422,274,243,312,1,1,1
389,6,433,282,244,303,1,1,1
390,6,435,281,250,304,1,1,1
391,6,447,285,248,300,1,1,1
392,6,445,284,255,301,1,1,1
393,6,440,284,280,306,1,1,1
394,6,441,281,289,309,1,1,1
395,6,458,280,300,310,1,1,1
396,6,468,279,304,311,1,1,1
397,6,497,238,295,356,1,1,1
398,6,509,222,292,372,1,1,1
399,6,532,191,278,403,1,1,1
400,6,543,175,270,420,1,1,1
401,6,559,157,262,427,1,1,1
402,6,565,152,263,435,1,1,1
403,6,580,163,276,424,1,1,1
1,7,344,369,160,192,1,1,1
2,7,343,370,161,192,1,1,1
3,7,343,371,162,192,1,1,1
4,7,343,372,162,192,1,1,1
5,7,343,373,163,192,1,1,1
6,7,342,374,164,192,1,1,1
7,7,342,375,165,192,1,1,1
8,7,342,376,168,192,1,1,1
9,7,341,377,171,192,1,1,1
10,7,341,378,172,192,1,1,1
11,7,341,378,174,191,1,1,1
12,7,341,379,175,190,1,1,1
13,7,340,378,176,191,1,1,1
14,7,340,375,178,196,1,1,1
15,7,340,375,179,193,1,1,1
16,7,339,372,180,197,1,1,1
17,7,339,371,179,198,1,1,1
18,7,341,366,172,204,1,1,1
19,7,348,365,163,205,1,1,1
20,7,357,365,131,205,1,1,1
21,7,358,365,129,205,1,1,1
22,7,367,369,108,201,1,1,1
23,7,370,371,108,200,1,1,1
24,7,371,372,106,199,1,1,1
25,7,372,373,103,198,1,1,1
26,7,373,368,96,204,1,1,1
27,7,374,364,91,209,1,1,1
28,7,376,358,84,215,1,1,1
29,7,377,359,78,216,1,1,1
30,7,368,356,94,217,1,1,1
31,7,371,356,91,217,1,1,1
32,7,372,356,97,216,1,1,1
33,7,370,357,106,215,1,1,1
34,7,377,347,105,225,1,1,1
35,7,378,343,104,230,1,1,1
36,7,382,336,104,240,1,1,1
37,7,383,334,105,243,1,1,1
38,7,384,332,104,245,1,1,1
39,7,385,331,104,247,1,1,1
40,7,386,330,104,248,1,1,1
41,7,387,328,102,250,1,1,1
42,7,385,324,100,252,1,1,1
43,7,379,323,103,256,1,1,1
44,7,376,322,99,258,1,1,1
45,7,377,321,94,259,1,1,1
46,7,364,325,106,255,1,1,1
47,7,365,329,106,252,1,1,1
48,7,365,342,99,239,1,1,1
49,7,366,348,97,233,1,1,1
50,7,366,360,96,222,1,1,1
51,7,367,363,95,220,1,1,1
52,7,367,368,93,215,1,1,1
53,7,359,369,103,214,1,1,1
54,7,359,369,102,220,1,1,1
55,7,359,371,102,219,1,1,1
56,7,360,373,103,217,1,1,1
57,7,360,373,104,218,1,1,1
58,7,365,377,98,214,1,1,1
59,7,367,378,96,214,1,1,1
60,7,371,369,91,225,1,1,1
61,7,372,369,91,226,1,1,1
62,7,373,364,93,232,1,1,1
63,7,373,362,96,234,1,1,1
64,7,378,358,96,239,1,1,1
65,7,377,358,96,239,1,1,1
66,7,378,356,95,241,1,1,1
67,7,382,354,91,243,1,1,1
68,7,383,352,93,248,1,1,1
69,7,385,350,94,252,1,1,1
70,7,386,352,95,251,1,1,1
71,7,386,354,94,249,1,1,1
72,7,387,362,95,246,1,1,1
73,7,390,368,94,241,1,1,1
74,7,379,379,108,231,1,1,1
75,7,384,380,102,231,1,1,1
76,7,383,381,108,231,1,1,1
77,7,385,381,106,230,1,1,1
78,7,386,381,109,231,1,1,1
79,7,386,381,117,231,1,1,1
80,7,387,385,117,228,1,1,1
81,7,387,385,121,228,1,1,1
82,7,388,387,125,227,1,1,1
83,7,389,388,128,227,1,1,1
84,7,389,369,127,246,1,1,1
85,7,390,367,130,251,1,1,1
86,7,390,356,130,261,1,1,1
87,7,391,354,130,263,1,1,1
88,7,391,352,129,265,1,1,1
89,7,392,350,129,265,1,1,1
90,7,392,349,128,267,1,1,1
91,7,393,347,128,269,1,1,1
92,7,393,345,128,271,1,1,1
93,7,394,344,127,273,1,1,1
94,7,395,342,127,275,1,1,1
95,7,395,341,127,272,1,1,1
96,7,396,343,126,270,1,1,1
97,7,396,348,129,266,1,1,1
98,7,397,359,137,252,1,1,1
99,7,397,382,140,230,1,1,1
100,7,398,383,134,230,1,1,1
101,7,398,383,128,230,1,1,1
102,7,403,383,112,230,1,1,1
103,7,407,382,96,230,1,1,1
104,7,399,382,103,230,1,1,1
105,7,396,382,101,230,1,1,1
106,7,387,383,101,230,1,1,1
107,7,385,384,100,230,1,1,1
108,7,378,382,99,228,1,1,1
109,7,373,377,103,234,1,1,1
110,7,373,374,102,237,1,1,1
111,7,369,376,101,235,1,1,1
112,7,366,378,100,233,1,1,1
113,7,362,372,99,238,1,1,1
114,7,352,372,105,239,1,1,1
115,7,346,372,107,239,1,1,1
116,7,341,376,107,234,1,1,1
117,7,335,381,108,230,1,1,1
118,7,325,389,114,221,1,1,1
119,7,319,390,121,221,1,1,1
120,7,313,384,125,227,1,1,1
121,7,310,385,125,226,1,1,1
122,7,304,386,131,225,1,1,1
125,7,256,401,175,210,1,1,1
126,7,226,397,202,213,1,1,1
127,7,216,395,208,215,1,1,1
128,7,207,396,214,215,1,1,1
129,7,208,393,211,218,1,1,1
130,7,198,391,217,220,1,1,1
131,7,188,391,224,219,1,1,1
132,7,186,392,223,218,1,1,1
133,7,180,392,227,219,1,1,1
134,7,174,391,230,220,1,1,1
135,7,172,391,228,219,1,1,1
136,7,166,387,240,224,1,1,1
137,7,158,380,241,230,1,1,1
138,7,160,378,237,233,1,1,1
139,7,181,381,207,233,1,1,1
140,7,171,381,169,233,1,1,1
141,7,164,384,164,230,1,1,1
142,7,161,385,162,229,1,1,1
144,7,176,367,138,248,1,1,1
145,7,179,363,137,251,1,1,1
148,7,188,352,134,262,1,1,1
149,7,179,346,139,269,1,1,1
150,7,174,342,139,273,1,1,1
151,7,169,338,140,277,1,1,1
152,7,159,338,147,278,1,1,1
153,7,154,338,148,278,1,1,1
154,7,149,338,149,277,1,1,1
155,7,143,339,150,277,1,1,1
156,7,134,346,156,266,1,1,1
157,7,129,355,157,257,1,1,1
158,7,124,378,158,234,1,1,1
159,7,118,387,162,225,1,1,1
160,7,113,390,163,222,1,1,1
161,7,113,390,159,222,1,1,1
162,7,108,391,160,220,1,1,1
163,7,103,391,161,218,1,1,1
164,7,91,390,170,219,1,1,1
165,7,89,390,167,218,1,1,1
166,7,65,385,179,221,1,1,1
167,7,56,386,184,221,1,1,1
168,7,37,382,199,224,1,1,1
169,7,42,382,206,224,1,1,1
170,7,24,379,253,224,1,1,1
171,7,25,378,241,225,1,1,1
172,7,30,379,258,224,1,1,1
173,7,25,376,266,226,1,1,1
174,7,27,374,261,229,1,1,1
175,7,30,378,255,227,1,1,1
176,7,26,375,263,229,1,1,1
177,7,23,374,268,231,1,1,1
178,7,17,370,250,234,1,1,1
179,7,41,368,210,236,1,1,1
180,7,36,366,192,238,1,1,1
181,7,34,367,176,237,1,1,1
182,7,38,369,165,235,1,1,1
183,7,52,369,151,235,1,1,1
184,7,34,360,151,241,1,1,1
185,7,44,356,125,245,1,1,1
186,7,64,346,107,255,1,1,1
187,7,69,346,109,255,1,1,1
188,7,56,345,133,256,1,1,1
189,7,52,336,145,264,1,1,1
190,7,44,329,149,276,1,1,1
191,7,40,323,153,282,1,1,1
192,7,33,320,164,285,1,1,1
193,7,33,316,166,289,1,1,1
194,7,35,311,165,294,1,1,1
195,7,36,309,165,296,1,1,1
196,7,36,309,167,296,1,1,1
197,7,37,314,165,291,1,1,1
198,7,33,330,158,274,1,1,1
199,7,39,342,156,263,1,1,1
200,7,47,357,165,250,1,1,1
201,7,46,359,168,248,1,1,1
202,7,44,372,170,235,1,1,1
203,7,44,375,162,232,1,1,1
204,7,49,375,152,232,1,1,1
205,7,59,372,149,234,1,1,1
206,7,79,364,126,243,1,1,1
207,7,89,360,118,244,1,1,1
208,7,112,360,97,241,1,1,1
209,7,120,361,94,240,1,1,1
210,7,135,356,90,250,1,1,1
211,7,140,349,88,257,1,1,1
212,7,143,339,88,272,1,1,1
213,7,147,336,90,275,1,1,1
214,7,152,330,93,280,1,1,1
215,7,155,329,94,282,1,1,1
216,7,159,329,95,282,1,1,1
217,7,157,328,98,283,1,1,1
218,7,163,325,95,286,1,1,1
219,7,161,324,98,286,1,1,1
220,7,159,324,99,287,1,1,1
221,7,158,328,101,285,1,1,1
222,7,169,346,106,267,1,1,1
223,7,170,358,110,255,1,1,1
224,7,175,365,105,248,1,1,1
225,7,181,368,107,246,1,1,1
226,7,186,368,127,246,1,1,1
227,7,188,368,124,246,1,1,1
228,7,196,359,114,255,1,1,1
232,7,219,344,97,271,1,1,1
233,7,221,342,96,273,1,1,1
234,7,223,338,95,278,1,1,1
235,7,226,334,93,282,1,1,1
236,7,228,334,92,282,1,1,1
237,7,230,334,91,282,1,1,1
238,7,232,335,89,281,1,1,1
278,7,268,365,115,251,1,1,1
279,7,265,376,119,239,1,1,1
280,7,263,366,122,249,1,1,1
281,7,260,373,126,243,1,1,1
282,7,258,380,129,237,1,1,1
283,7,255,380,132,236,1,1,1
284,7,253,381,135,235,1,1,1
285,7,250,386,139,231,1,1,1
286,7,248,391,121,226,1,1,1
287,7,249,389,120,228,1,1,1
288,7,255,384,107,233,1,1,1
289,7,263,384,96,232,1,1,1
290,7,272,381,85,236,1,1,1
294,7,291,351,89,257,1,1,1
295,7,296,335,85,270,1,1,1
296,7,293,330,87,274,1,1,1
297,7,294,328,86,273,1,1,1
298,7,291,329,90,270,1,1,1
299,7,287,335,94,268,1,1,1
300,7,284,344,97,259,1,1,1
301,7,280,367,101,235,1,1,1
302,7,275,372,105,229,1,1,1
303,7,272,375,109,223,1,1,1
304,7,270,366,107,231,1,1,1
305,7,262,367,102,229,1,1,1
306,7,251,368,112,226,1,1,1
307,7,233,374,136,218,1,1,1
308,7,226,376,142,215,1,1,1
309,7,221,379,146,210,1,1,1
310,7,212,381,140,211,1,1,1
311,7,202,377,149,214,1,1,1
312,7,189,376,160,214,1,1,1
313,7,176,376,147,213,1,1,1
314,7,163,375,151,213,1,1,1
315,7,139,376,164,211,1,1,1
316,7,142,376,148,210,1,1,1
317,7,132,370,130,222,1,1,1
318,7,109,367,137,225,1,1,1
319,7,101,363,119,228,1,1,1
320,7,82,368,117,222,1,1,1
321,7,54,363,119,227,1,1,1
322,7,53,363,105,226,1,1,1
323,7,29,352,108,236,1,1,1
324,7,20,352,111,235,1,1,1
325,7,0,356,123,231,1,1,1
326,7,0,355,118,233,1,1,1
327,7,1,354,113,235,1,1,1
328,7,0,352,100,237,1,1,1
329,7,0,345,93,244,1,1,1
331,7,0,343,107,244,1,1,1
334,7,0,355,118,237,1,1,1
335,7,0,353,118,238,1,1,1
336,7,0,351,119,240,1,1,1
337,7,0,349,120,242,1,1,1
338,7,0,350,120,241,1,1,1
339,7,0,356,121,235,1,1,1
340,7,0,357,121,233,1,1,1
341,7,0,358,122,231,1,1,1
342,7,0,359,125,231,1,1,1
343,7,0,356,125,233,1,1,1
344,7,0,355,133,234,1,1,1
345,7,12,355,144,234,1,1,1
346,7,13,355,155,234,1,1,1
347,7,11,355,173,233,1,1,1
348,7,5,353,184,235,1,1,1
349,7,6,353,187,235,1,1,1
350,7,6,352,196,235,1,1,1
351,7,7,352,205,235,1,1,1
352,7,7,352,215,235,1,1,1
353,7,8,354,208,232,1,1,1
354,7,21,354,200,232,1,1,1
355,7,22,354,204,232,1,1,1
356,7,23,354,208,231,1,1,1
357,7,39,354,199,231,1,1,1
358,7,41,351,201,234,1,1,1
359,7,45,344,196,241,1,1,1
360,7,53,344,183,241,1,1,1
361,7,59,343,171,240,1,1,1
362,7,61,344,165,237,1,1,1
363,7,67,344,159,236,1,1,1
364,7,72,342,157,238,1,1,1
365,7,85,333,157,245,1,1,1
366,7,76,328,168,250,1,1,1
367,7,79,322,173,255,1,1,1
368,7,81,324,175,255,1,1,1
369,7,83,323,181,259,1,1,1
370,7,86,324,183,258,1,1,1
371,7,88,329,192,258,1,1,1
372,7,91,328,195,259,1,1,1
373,7,93,327,199,259,1,1,1
374,7,95,326,203,260,1,1,1
375,7,103,323,202,263,1,1,1
376,7,106,323,203,264,1,1,1
377,7,111,328,202,258,1,1,1
378,7,116,329,205,257,1,1,1
379,7,140,328,192,257,1,1,1
380,7,155,328,178,258,1,1,1
381,7,164,333,174,252,1,1,1
382,7,179,339,158,247,1,1,1
383,7,185,344,156,242,1,1,1
384,7,193,351,153,241,1,1,1
385,7,198,351,156,241,1,1,1
386,7,204,347,157,245,1,1,1
387,7,208,340,167,252,1,1,1
388,7,212,338,170,255,1,1,1
389,7,216,337,176,256,1,1,1
390,7,219,337,179,255,1,1,1
391,7,223,338,184,255,1,1,1
392,7,227,338,189,255,1,1,1
393,7,231,340,192,253,1,1,1
394,7,235,342,195,251,1,1,1
395,7,250,344,188,256,1,1,1
396,7,254,344,200,255,1,1,1
397,7,251,343,200,255,1,1,1
398,7,253,348,201,252,1,1,1
399,7,264,348,201,252,1,1,1
400,7,261,352,201,247,1,1,1
401,7,271,357,185,244,1,1,1
402,7,285,363,172,239,1,1,1
403,7,311,379,155,224,1,1,1
32,8,595,381,79,188,1,1,1
33,8,590,386,74,182,1,1,1
34,8,582,383,76,186,1,1,1
35,8,577,380,79,190,1,1,1
36,8,571,379,82,191,1,1,1
37,8,568,380,89,191,1,1,1
38,8,567,381,93,190,1,1,1
39,8,567,382,98,190,1,1,1
40,8,567,381,93,192,1,1,1
41,8,565,378,94,195,1,1,1
42,8,562,379,98,195,1,1,1
43,8,559,376,97,198,1,1,1
44,8,553,374,95,201,1,1,1
45,8,548,372,94,204,1,1,1
46,8,544,371,85,206,1,1,1
47,8,545,370,84,207,1,1,1
48,8,539,371,85,209,1,1,1
49,8,533,372,93,210,1,1,1
74,8,454,367,137,242,1,1,1
75,8,451,367,137,243,1,1,1
76,8,446,366,144,244,1,1,1
77,8,456,366,138,246,1,1,1
78,8,456,365,136,247,1,1,1
79,8,459,366,135,246,1,1,1
80,8,459,367,133,246,1,1,1
81,8,462,368,133,246,1,1,1
82,8,464,369,135,246,1,1,1
83,8,469,368,132,247,1,1,1
84,8,471,370,135,247,1,1,1
85,8,475,370,131,245,1,1,1
86,8,481,369,130,246,1,1,1
87,8,482,370,131,247,1,1,1
88,8,488,368,128,248,1,1,1
89,8,490,368,127,246,1,1,1
90,8,491,366,124,248,1,1,1
91,8,490,366,128,249,1,1,1
92,8,488,363,128,253,1,1,1
93,8,486,361,133,253,1,1,1
94,8,484,357,134,257,1,1,1
95,8,482,357,134,257,1,1,1
96,8,476,356,136,259,1,1,1
97,8,475,356,135,259,1,1,1
98,8,474,356,133,259,1,1,1
99,8,473,355,130,260,1,1,1
100,8,470,355,132,259,1,1,1
101,8,467,354,133,260,1,1,1
102,8,463,353,136,260,1,1,1
103,8,459,352,138,261,1,1,1
104,8,458,352,138,262,1,1,1
105,8,458,358,141,256,1,1,1
106,8,456,358,138,253,1,1,1
107,8,459,357,135,254,1,1,1
108,8,470,357,112,255,1,1,1
109,8,471,357,110,256,1,1,1
110,8,469,356,121,255,1,1,1
111,8,468,356,110,254,1,1,1
112,8,459,358,110,253,1,1,1
113,8,457,356,113,256,1,1,1
114,8,456,355,114,256,1,1,1
115,8,454,354,114,258,1,1,1
116,8,444,353,121,257,1,1,1
117,8,441,354,123,257,1,1,1
118,8,433,358,130,253,1,1,1
119,8,429,361,132,248,1,1,1
120,8,421,365,132,244,1,1,1
121,8,419,368,122,242,1,1,1
122,8,397,370,142,239,1,1,1
123,8,388,370,149,238,1,1,1
124,8,377,368,141,241,1,1,1
125,8,377,368,139,242,1,1,1
126,8,369,372,137,235,1,1,1
127,8,346,372,166,235,1,1,1
128,8,305,363,236,245,1,1,1
129,8,295,363,250,245,1,1,1
130,8,288,363,264,246,1,1,1
131,8,286,362,250,247,1,1,1
132,8,276,362,259,247,1,1,1
133,8,271,363,262,247,1,1,1
134,8,263,359,268,251,1,1,1
135,8,260,356,270,255,1,1,1
136,8,271,349,257,262,1,1,1
137,8,273,349,235,262,1,1,1
138,8,286,346,157,266,1,1,1
139,8,298,347,146,265,1,1,1
140,8,299,345,143,268,1,1,1
141,8,296,343,143,270,1,1,1
142,8,297,338,140,276,1,1,1
143,8,290,337,144,277,1,1,1
144,8,271,334,154,280,1,1,1
145,8,266,333,152,282,1,1,1
146,8,261,331,150,284,1,1,1
147,8,258,332,150,283,1,1,1
148,8,255,335,150,282,1,1,1
149,8,252,324,151,292,1,1,1
150,8,249,312,151,305,1,1,1
151,8,246,308,151,309,1,1,1
152,8,243,304,152,313,1,1,1
153,8,241,302,152,314,1,1,1
154,8,247,306,148,308,1,1,1
155,8,232,310,151,299,1,1,1
156,8,231,334,142,276,1,1,1
157,8,228,349,142,261,1,1,1
158,8,225,355,142,255,1,1,1
159,8,222,358,142,253,1,1,1
160,8,208,360,153,251,1,1,1
161,8,205,360,153,250,1,1,1
162,8,202,359,153,250,1,1,1
163,8,201,359,151,250,1,1,1
164,8,179,359,176,251,1,1,1
165,8,161,356,199,253,1,1,1
166,8,132,354,247,254,1,1,1
167,8,125,352,265,256,1,1,1
168,8,117,352,289,253,1,1,1
169,8,117,345,294,261,1,1,1
170,8,116,344,292,261,1,1,1
171,8,117,344,289,259,1,1,1
172,8,119,343,285,260,1,1,1
173,8,118,342,284,262,1,1,1
174,8,111,339,289,265,1,1,1
175,8,109,338,288,265,1,1,1
176,8,122,335,267,267,1,1,1
177,8,136,333,227,269,1,1,1
178,8,145,330,182,272,1,1,1
179,8,160,330,148,273,1,1,1
180,8,169,331,137,272,1,1,1
181,8,168,331,134,272,1,1,1
182,8,153,330,147,274,1,1,1
183,8,156,324,148,280,1,1,1
184,8,168,312,138,289,1,1,1
185,8,158,308,153,294,1,1,1
186,8,145,306,173,296,1,1,1
187,8,147,306,174,297,1,1,1
188,8,144,308,174,295,1,1,1
189,8,149,310,167,293,1,1,1
190,8,149,296,182,307,1,1,1
191,8,146,296,191,307,1,1,1
192,8,148,289,186,315,1,1,1
193,8,152,286,180,318,1,1,1
194,8,157,283,173,321,1,1,1
195,8,158,283,170,322,1,1,1
196,8,159,284,166,321,1,1,1
197,8,156,287,167,317,1,1,1
198,8,158,303,154,302,1,1,1
199,8,157,318,159,288,1,1,1
200,8,159,330,179,276,1,1,1
201,8,157,335,172,271,1,1,1
202,8,156,348,187,258,1,1,1
203,8,158,352,194,255,1,1,1
204,8,164,352,198,255,1,1,1
205,8,170,348,193,259,1,1,1
206,8,190,336,170,272,1,1,1
207,8,196,330,155,278,1,1,1
208,8,207,324,149,284,1,1,1
209,8,212,323,155,285,1,1,1
210,8,218,327,152,282,1,1,1
211,8,221,330,153,279,1,1,1
212,8,228,317,149,293,1,1,1
213,8,234,311,142,298,1,1,1
214,8,243,303,136,307,1,1,1
215,8,243,299,139,311,1,1,1
216,8,245,297,139,313,1,1,1
217,8,246,296,141,315,1,1,1
218,8,248,296,142,316,1,1,1
219,8,252,294,141,318,1,1,1
220,8,255,292,140,320,1,1,1
221,8,256,294,140,319,1,1,1
222,8,264,304,137,309,1,1,1
223,8,267,313,137,300,1,1,1
224,8,276,329,141,285,1,1,1
225,8,276,331,138,283,1,1,1
226,8,291,333,126,282,1,1,1
227,8,293,334,127,281,1,1,1
228,8,292,335,129,280,1,1,1
229,8,294,336,143,280,1,1,1
230,8,299,336,129,280,1,1,1
234,8,279,292,127,325,1,1,1
235,8,282,303,132,314,1,1,1
236,8,286,314,131,304,1,1,1
237,8,289,325,126,293,1,1,1
238,8,293,336,126,282,1,1,1
239,8,297,337,133,282,1,1,1
240,8,300,337,135,282,1,1,1
241,8,304,340,136,279,1,1,1
242,8,307,342,131,277,1,1,1
243,8,311,346,132,273,1,1,1
244,8,314,348,130,271,1,1,1
245,8,322,351,126,268,1,1,1
246,8,326,351,122,269,1,1,1
247,8,323,339,120,280,1,1,1
248,8,321,336,120,284,1,1,1
249,8,314,329,122,291,1,1,1
250,8,316,326,116,293,1,1,1
251,8,322,320,112,298,1,1,1
252,8,321,317,111,301,1,1,1
253,8,323,313,107,305,1,1,1
254,8,321,314,108,304,1,1,1
255,8,319,313,108,304,1,1,1
256,8,321,311,103,306,1,1,1
257,8,323,309,103,307,1,1,1
258,8,326,308,101,308,1,1,1
259,8,325,316,105,301,1,1,1
260,8,326,323,101,294,1,1,1
261,8,328,343,103,274,1,1,1
262,8,330,342,102,275,1,1,1
263,8,332,341,104,275,1,1,1
264,8,331,343,103,274,1,1,1
265,8,326,342,106,275,1,1,1
266,8,328,342,105,275,1,1,1
267,8,329,341,107,276,1,1,1
268,8,331,342,109,275,1,1,1
269,8,335,343,120,274,1,1,1
270,8,336,343,119,274,1,1,1
271,8,338,344,124,273,1,1,1
272,8,340,344,124,273,1,1,1
273,8,344,345,122,272,1,1,1
274,8,345,346,122,271,1,1,1
275,8,352,347,117,269,1,1,1
276,8,353,347,116,270,1,1,1
277,8,355,345,113,272,1,1,1
278,8,357,344,113,272,1,1,1
279,8,358,342,117,274,1,1,1
280,8,358,340,109,276,1,1,1
281,8,360,340,103,276,1,1,1
282,8,357,344,107,272,1,1,1
283,8,351,353,116,264,1,1,1
284,8,347,361,121,256,1,1,1
285,8,348,373,121,243,1,1,1
286,8,349,378,121,237,1,1,1
287,8,351,380,120,236,1,1,1
288,8,355,381,108,234,1,1,1
289,8,366,384,110,231,1,1,1
290,8,370,386,110,229,1,1,1
291,8,385,387,99,226,1,1,1
292,8,392,385,107,225,1,1,1
293,8,405,359,102,249,1,1,1
294,8,410,343,103,265,1,1,1
295,8,410,319,98,280,1,1,1
296,8,409,311,108,288,1,1,1
297,8,407,306,121,289,1,1,1
298,8,405,307,121,287,1,1,1
299,8,403,316,126,278,1,1,1
300,8,403,327,123,269,1,1,1
301,8,400,352,136,241,1,1,1
302,8,397,358,135,232,1,1,1
303,8,395,367,141,229,1,1,1
304,8,392,367,137,229,1,1,1
305,8,390,370,140,221,1,1,1
306,8,387,373,135,217,1,1,1
307,8,377,377,145,212,1,1,1
308,8,356,377,154,210,1,1,1
309,8,351,375,158,212,1,1,1
310,8,345,371,162,215,1,1,1
311,8,339,363,150,225,1,1,1
312,8,333,361,150,227,1,1,1
313,8,327,356,143,231,1,1,1
314,8,322,358,150,226,1,1,1
317,8,281,364,159,221,1,1,1
318,8,273,366,158,218,1,1,1
319,8,266,359,136,224,1,1,1
320,8,257,359,135,225,1,1,1
331,8,172,351,147,240,1,1,1
332,8,171,351,141,239,1,1,1
333,8,174,356,118,234,1,1,1
334,8,176,358,115,232,1,1,1
335,8,166,360,121,230,1,1,1
336,8,159,361,133,229,1,1,1
337,8,160,362,126,226,1,1,1
338,8,165,360,129,229,1,1,1
339,8,181,363,126,226,1,1,1
340,8,177,364,124,224,1,1,1
341,8,186,365,109,219,1,1,1
342,8,187,362,110,223,1,1,1
343,8,203,362,111,221,1,1,1
344,8,207,360,114,223,1,1,1
345,8,217,355,118,228,1,1,1
346,8,213,356,125,227,1,1,1
347,8,225,352,132,230,1,1,1
348,8,226,353,137,230,1,1,1
349,8,243,352,129,230,1,1,1
350,8,246,350,132,232,1,1,1
351,8,249,351,140,231,1,1,1
352,8,246,351,148,230,1,1,1
353,8,244,351,148,229,1,1,1
354,8,241,351,154,230,1,1,1
355,8,238,349,163,231,1,1,1
356,8,233,349,171,231,1,1,1
357,8,230,347,184,233,1,1,1
358,8,233,345,185,234,1,1,1
359,8,234,340,190,240,1,1,1
360,8,238,340,189,239,1,1,1
361,8,251,340,186,239,1,1,1
362,8,257,340,187,238,1,1,1
363,8,254,344,194,233,1,1,1
364,8,252,345,200,233,1,1,1
365,8,266,346,190,231,1,1,1
366,8,274,346,184,231,1,1,1
367,8,297,340,164,237,1,1,1
368,8,308,335,155,241,1,1,1
373,8,317,328,169,250,1,1,1
374,8,320,328,169,249,1,1,1
375,8,321,329,174,249,1,1,1
376,8,322,326,180,252,1,1,1
377,8,326,326,185,251,1,1,1
378,8,328,326,183,251,1,1,1
379,8,337,326,182,251,1,1,1
380,8,341,325,178,251,1,1,1
381,8,354,342,157,240,1,1,1
382,8,358,349,165,233,1,1,1
383,8,364,358,175,224,1,1,1
384,8,369,361,171,222,1,1,1
385,8,374,359,169,228,1,1,1
386,8,377,352,175,237,1,1,1
387,8,385,344,176,244,1,1,1
388,8,385,331,186,257,1,1,1
389,8,391,331,189,257,1,1,1
390,8,398,330,185,257,1,1,1
391,8,407,330,180,257,1,1,1
392,8,408,331,189,257,1,1,1
393,8,417,336,185,255,1,1,1
394,8,421,336,182,255,1,1,1
395,8,430,336,178,255,1,1,1
396,8,434,338,179,255,1,1,1
397,8,437,338,181,256,1,1,1
398,8,440,340,178,261,1,1,1
399,8,453,340,173,261,1,1,1
400,8,458,342,176,258,1,1,1
401,8,464,350,169,250,1,1,1
402,8,471,358,152,243,1,1,1
403,8,483,371,141,229,1,1,1
1,9,238,332,200,230,1,1,1
2,9,237,333,201,230,1,1,1
3,9,237,334,201,230,1,1,1
4,9,236,335,202,230,1,1,1
5,9,235,336,203,230,1,1,1
6,9,235,338,203,230,1,1,1
7,9,236,339,202,230,1,1,1
8,9,237,340,205,230,1,1,1
9,9,237,340,206,230,1,1,1
10,9,237,340,206,230,1,1,1
11,9,237,340,207,230,1,1,1
12,9,237,340,208,230,1,1,1
13,9,237,340,208,231,1,1,1
14,9,235,337,210,233,1,1,1
15,9,234,337,212,233,1,1,1
16,9,232,336,215,235,1,1,1
17,9,231,334,217,236,1,1,1
18,9,225,331,223,240,1,1,1
19,9,222,329,225,241,1,1,1
20,9,221,326,217,244,1,1,1
21,9,223,322,214,247,1,1,1
22,9,231,319,169,251,1,1,1
23,9,236,315,163,255,1,1,1
24,9,253,311,147,259,1,1,1
25,9,263,313,138,258,1,1,1
26,9,275,314,122,259,1,1,1
27,9,272,316,122,257,1,1,1
28,9,269,322,129,252,1,1,1
29,9,270,322,123,253,1,1,1
30,9,276,316,111,257,1,1,1
31,9,280,311,113,262,1,1,1
32,9,291,308,131,266,1,1,1
33,9,291,307,141,267,1,1,1
34,9,287,306,149,268,1,1,1
35,9,288,307,144,266,1,1,1
36,9,293,296,133,279,1,1,1
37,9,298,291,128,285,1,1,1
38,9,303,283,126,294,1,1,1
39,9,305,282,122,295,1,1,1
40,9,306,277,123,300,1,1,1
41,9,308,276,125,302,1,1,1
42,9,308,273,125,306,1,1,1
43,9,309,269,124,310,1,1,1
44,9,308,269,121,310,1,1,1
45,9,308,270,119,310,1,1,1
46,9,307,265,116,315,1,1,1
47,9,303,265,118,316,1,1,1
48,9,297,275,125,306,1,1,1
49,9,293,281,128,301,1,1,1
50,9,289,297,130,286,1,1,1
51,9,287,297,136,286,1,1,1
52,9,283,296,138,288,1,1,1
53,9,285,295,135,289,1,1,1
54,9,286,295,132,290,1,1,1
55,9,285,297,133,291,1,1,1
56,9,291,301,128,288,1,1,1
57,9,295,303,127,288,1,1,1
58,9,296,296,130,296,1,1,1
59,9,298,292,130,300,1,1,1
60,9,302,286,130,307,1,1,1
61,9,303,284,133,310,1,1,1
62,9,307,279,131,316,1,1,1
63,9,310,276,128,318,1,1,1
64,9,313,273,125,323,1,1,1
65,9,313,272,126,325,1,1,1
66,9,310,267,126,330,1,1,1
67,9,312,265,125,333,1,1,1
68,9,310,264,128,336,1,1,1
69,9,305,263,131,339,1,1,1
70,9,306,268,127,338,1,1,1
71,9,306,273,127,333,1,1,1
72,9,305,284,131,323,1,1,1
73,9,303,291,132,317,1,1,1
74,9,298,290,148,320,1,1,1
75,9,293,290,153,320,1,1,1
76,9,292,288,154,323,1,1,1
77,9,294,287,153,325,1,1,1
78,9,296,287,153,326,1,1,1
79,9,298,287,153,326,1,1,1
80,9,301,290,148,323,1,1,1
81,9,304,286,145,328,1,1,1
82,9,309,265,141,349,1,1,1
83,9,310,260,140,356,1,1,1
84,9,314,249,142,368,1,1,1
85,9,314,244,142,373,1,1,1
86,9,312,238,149,378,1,1,1
87,9,313,238,147,379,1,1,1
88,9,310,233,150,383,1,1,1
89,9,308,231,154,384,1,1,1
90,9,306,227,159,390,1,1,1
91,9,300,226,166,392,1,1,1
92,9,297,225,169,394,1,1,1
93,9,293,224,175,392,1,1,1
94,9,283,235,181,381,1,1,1
95,9,280,242,183,373,1,1,1
96,9,271,261,204,353,1,1,1
97,9,268,278,214,337,1,1,1
98,9,263,276,220,339,1,1,1
99,9,263,276,218,339,1,1,1
100,9,271,276,195,340,1,1,1
101,9,275,273,183,341,1,1,1
102,9,275,273,174,340,1,1,1
103,9,269,273,178,341,1,1,1
104,9,265,275,181,339,1,1,1
105,9,264,276,178,337,1,1,1
106,9,263,276,175,336,1,1,1
107,9,265,276,174,337,1,1,1
108,9,266,278,177,335,1,1,1
109,9,266,278,178,333,1,1,1
110,9,271,278,175,333,1,1,1
111,9,273,278,173,334,1,1,1
112,9,279,278,167,335,1,1,1
113,9,282,276,164,335,1,1,1
114,9,282,275,162,337,1,1,1
115,9,280,275,164,337,1,1,1
116,9,273,275,169,337,1,1,1
117,9,269,278,169,332,1,1,1
118,9,263,285,175,325,1,1,1
119,9,259,290,178,320,1,1,1
120,9,257,297,192,313,1,1,1
121,9,258,302,196,309,1,1,1
122,9,263,302,192,309,1,1,1
123,9,268,306,201,305,1,1,1
124,9,281,307,218,304,1,1,1
125,9,274,307,239,302,1,1,1
126,9,240,307,289,302,1,1,1
127,9,231,307,298,302,1,1,1
128,9,231,305,302,304,1,1,1
129,9,237,307,295,303,1,1,1
130,9,247,309,279,300,1,1,1
131,9,257,309,267,300,1,1,1
132,9,268,307,256,303,1,1,1
133,9,275,304,254,305,1,1,1
134,9,299,296,237,314,1,1,1
135,9,315,293,222,316,1,1,1
136,9,351,290,151,316,1,1,1
137,9,344,293,145,315,1,1,1
138,9,355,302,158,307,1,1,1
139,9,352,306,167,305,1,1,1
140,9,356,303,159,309,1,1,1
141,9,366,298,144,316,1,1,1
142,9,380,287,137,322,1,1,1
143,9,383,285,139,327,1,1,1
144,9,387,288,147,326,1,1,1
145,9,382,290,155,325,1,1,1
146,9,378,290,177,324,1,1,1
147,9,380,286,173,330,1,1,1
148,9,374,271,172,344,1,1,1
149,9,366,268,176,349,1,1,1
150,9,372,266,177,352,1,1,1
151,9,376,265,172,354,1,1,1
152,9,390,265,173,352,1,1,1
153,9,414,266,155,350,1,1,1
154,9,407,267,167,349,1,1,1
155,9,405,271,175,344,1,1,1
156,9,434,283,143,331,1,1,1
157,9,396,298,180,316,1,1,1
158,9,397,319,194,296,1,1,1
159,9,399,321,198,293,1,1,1
160,9,463,323,140,290,1,1,1
161,9,469,325,139,287,1,1,1
162,9,474,327,137,284,1,1,1
163,9,473,329,140,280,1,1,1
164,9,467,328,147,281,1,1,1
165,9,461,328,154,279,1,1,1
166,9,428,329,196,278,1,1,1
167,9,429,326,203,280,1,1,1
168,9,448,326,197,280,1,1,1
169,9,467,326,180,279,1,1,1
180,9,562,323,153,283,1,1,1
181,9,559,322,167,284,1,1,1
182,9,556,309,172,297,1,1,1
183,9,554,304,168,302,1,1,1
184,9,551,296,154,311,1,1,1
185,9,580,293,133,308,1,1,1
186,9,585,296,149,306,1,1,1
187,9,583,297,160,304,1,1,1
188,9,585,295,165,306,1,1,1
189,9,587,296,171,305,1,1,1
190,9,589,299,176,304,1,1,1
191,9,583,300,182,303,1,1,1
192,9,580,290,185,314,1,1,1
193,9,579,281,192,322,1,1,1
194,9,583,267,185,336,1,1,1
195,9,584,263,183,340,1,1,1
196,9,606,258,167,344,1,1,1
197,9,606,257,168,346,1,1,1
198,9,603,259,172,344,1,1,1
199,9,606,261,159,344,1,1,1
200,9,606,267,161,340,1,1,1
201,9,605,270,158,336,1,1,1
202,9,604,284,153,322,1,1,1
203,9,604,276,150,329,1,1,1
204,9,596,316,156,289,1,1,1
205,9,593,319,154,286,1,1,1
206,9,591,338,152,267,1,1,1
207,9,589,334,150,270,1,1,1
209,9,545,330,149,275,1,1,1
210,9,537,320,151,286,1,1,1
211,9,529,318,155,289,1,1,1
212,9,517,313,159,294,1,1,1
213,9,497,308,164,300,1,1,1
214,9,475,297,172,311,1,1,1
215,9,461,287,175,321,1,1,1
216,9,491,264,116,345,1,1,1
217,9,472,254,119,355,1,1,1
218,9,450,245,105,366,1,1,1
219,9,446,242,112,369,1,1,1
220,9,436,245,108,367,1,1,1
221,9,426,243,104,369,1,1,1
222,9,417,244,99,369,1,1,1
223,9,402,252,109,361,1,1,1
224,9,364,272,136,341,1,1,1
225,9,344,284,151,330,1,1,1
226,9,316,286,175,329,1,1,1
227,9,304,287,164,328,1,1,1
228,9,295,285,164,329,1,1,1
229,9,291,283,165,331,1,1,1
230,9,290,286,163,329,1,1,1
231,9,289,286,162,330,1,1,1
232,9,288,287,152,329,1,1,1
233,9,290,276,144,341,1,1,1
234,9,281,273,142,343,1,1,1
235,9,280,269,136,348,1,1,1
236,9,263,261,141,357,1,1,1
237,9,253,258,147,361,1,1,1
238,9,251,254,144,364,1,1,1
239,9,246,244,145,375,1,1,1
240,9,247,241,143,378,1,1,1
241,9,237,252,151,368,1,1,1
242,9,225,263,165,357,1,1,1
243,9,206,282,177,339,1,1,1
244,9,199,279,182,340,1,1,1
245,9,196,277,201,342,1,1,1
246,9,196,277,203,343,1,1,1
247,9,197,278,202,342,1,1,1
248,9,198,280,200,340,1,1,1
249,9,203,262,191,359,1,1,1
250,9,207,254,181,368,1,1,1
251,9,218,238,164,384,1,1,1
252,9,220,232,161,385,1,1,1
253,9,222,228,160,389,1,1,1
254,9,224,227,160,390,1,1,1
255,9,222,226,172,391,1,1,1
256,9,220,226,174,392,1,1,1
257,9,215,224,180,394,1,1,1
258,9,212,221,184,396,1,1,1
259,9,208,222,186,395,1,1,1
260,9,203,223,189,394,1,1,1
261,9,192,242,212,375,1,1,1
262,9,191,257,223,359,1,1,1
263,9,195,267,230,350,1,1,1
264,9,200,267,227,349,1,1,1
265,9,208,264,214,352,1,1,1
266,9,209,264,203,352,1,1,1
267,9,213,265,185,351,1,1,1
268,9,214,267,169,349,1,1,1
269,9,214,270,170,345,1,1,1
270,9,206,269,177,345,1,1,1
271,9,198,270,183,345,1,1,1
272,9,196,273,192,344,1,1,1
273,9,195,272,188,345,1,1,1
274,9,196,272,186,346,1,1,1
275,9,203,271,176,347,1,1,1
276,9,206,271,174,346,1,1,1
277,9,214,270,173,348,1,1,1
278,9,216,269,173,349,1,1,1
279,9,215,266,177,352,1,1,1
280,9,213,266,183,352,1,1,1
281,9,208,265,188,352,1,1,1
282,9,206,265,190,352,1,1,1
283,9,203,264,193,352,1,1,1
284,9,199,266,198,350,1,1,1
285,9,192,273,200,343,1,1,1
286,9,187,282,203,334,1,1,1
287,9,184,293,205,323,1,1,1
288,9,190,296,195,320,1,1,1
289,9,209,293,173,322,1,1,1
290,9,219,291,164,324,1,1,1
291,9,234,294,143,318,1,1,1
292,9,238,299,138,313,1,1,1
293,9,246,298,138,311,1,1,1
294,9,256,280,138,329,1,1,1
295,9,280,258,127,348,1,1,1
296,9,296,252,117,351,1,1,1
297,9,320,249,105,345,1,1,1
298,9,332,251,96,341,1,1,1
299,9,333,268,107,324,1,1,1
300,9,333,272,124,322,1,1,1
301,9,328,284,139,317,1,1,1
302,9,322,293,150,306,1,1,1
303,9,314,311,169,289,1,1,1
304,9,312,317,174,280,1,1,1
305,9,311,321,176,275,1,1,1
306,9,317,319,172,272,1,1,1
307,9,331,321,167,270,1,1,1
308,9,336,322,164,266,1,1,1
309,9,332,317,156,271,1,1,1
310,9,324,315,151,271,1,1,1
311,9,309,310,151,275,1,1,1
312,9,301,308,154,278,1,1,1
313,9,289,311,164,275,1,1,1
314,9,285,314,166,273,1,1,1
315,9,247,317,199,270,1,1,1
316,9,278,317,162,270,1,1,1
317,9,267,315,157,272,1,1,1
318,9,258,315,157,271,1,1,1
319,9,243,317,158,268,1,1,1
320,9,233,320,159,267,1,1,1
321,9,219,317,153,269,1,1,1
322,9,213,315,144,271,1,1,1
323,9,206,312,127,273,1,1,1
324,9,206,314,123,271,1,1,1
325,9,196,320,129,265,1,1,1
326,9,191,322,135,263,1,1,1
327,9,176,321,147,264,1,1,1
328,9,179,317,141,270,1,1,1
329,9,183,316,124,270,1,1,1
330,9,183,316,121,270,1,1,1
331,9,188,314,113,271,1,1,1
332,9,191,316,125,270,1,1,1
333,9,199,321,130,268,1,1,1
334,9,193,322,141,266,1,1,1
335,9,199,322,140,267,1,1,1
336,9,209,321,135,267,1,1,1
337,9,218,322,142,265,1,1,1
338,9,226,323,146,263,1,1,1
339,9,235,331,151,255,1,1,1
340,9,232,333,160,254,1,1,1
341,9,248,336,174,248,1,1,1
342,9,248,335,180,249,1,1,1
343,9,265,332,180,251,1,1,1
344,9,276,328,172,255,1,1,1
345,9,302,325,169,258,1,1,1
346,9,313,326,171,257,1,1,1
347,9,332,326,181,256,1,1,1
348,9,343,326,186,256,1,1,1
349,9,352,327,198,254,1,1,1
350,9,357,329,200,253,1,1,1
351,9,370,329,204,253,1,1,1
352,9,377,329,200,253,1,1,1
353,9,378,330,200,251,1,1,1
354,9,383,328,200,253,1,1,1
355,9,390,327,200,254,1,1,1
356,9,395,328,198,253,1,1,1
357,9,407,327,196,253,1,1,1
358,9,411,327,195,253,1,1,1
359,9,420,324,190,253,1,1,1
360,9,423,325,191,251,1,1,1
361,9,430,322,195,254,1,1,1
362,9,433,320,196,256,1,1,1
363,9,436,319,203,257,1,1,1
364,9,434,318,216,257,1,1,1
365,9,436,315,224,260,1,1,1
366,9,440,313,227,262,1,1,1
367,9,460,311,217,263,1,1,1
368,9,475,313,210,264,1,1,1
369,9,494,313,201,264,1,1,1
370,9,496,315,203,261,1,1,1
371,9,503,318,203,258,1,1,1
372,9,506,322,202,254,1,1,1
373,9,513,326,203,250,1,1,1
374,9,520,325,203,250,1,1,1
375,9,536,324,199,253,1,1,1
376,9,535,322,206,255,1,1,1
377,9,536,304,211,272,1,1,1
378,9,537,292,214,284,1,1,1
379,9,540,264,220,312,1,1,1
380,9,546,254,222,322,1,1,1
381,9,560,242,224,326,1,1,1
382,9,562,236,226,325,1,1,1
383,9,576,234,225,310,1,1,1
384,9,584,238,225,303,1,1,1
385,9,598,249,229,314,1,1,1
386,9,607,261,226,317,1,1,1
387,9,637,273,202,309,1,1,1
388,9,639,280,205,302,1,1,1
389,9,640,290,214,294,1,1,1
390,9,643,292,215,292,1,1,1
391,9,655,295,218,289,1,1,1
392,9,663,293,220,290,1,1,1
393,9,688,291,216,295,1,1,1
394,9,700,288,214,297,1,1,1
395,9,730,288,212,300,1,1,1
396,9,741,277,210,311,1,1,1
397,9,762,248,204,340,1,1,1
398,9,771,240,197,352,1,1,1
399,9,776,218,201,374,1,1,1
400,9,786,205,197,387,1,1,1
401,9,797,188,203,401,1,1,1
402,9,794,184,216,400,1,1,1
403,9,805,217,258,369,1,1,1
32,10,807,374,87,189,1,1,1
33,10,799,370,91,193,1,1,1
34,10,782,367,104,198,1,1,1
35,10,777,363,104,203,1,1,1
36,10,775,359,101,208,1,1,1
37,10,774,355,98,212,1,1,1
38,10,767,357,101,211,1,1,1
39,10,761,355,101,214,1,1,1
40,10,754,348,113,222,1,1,1
41,10,747,340,119,231,1,1,1
42,10,741,328,117,244,1,1,1
43,10,734,325,116,248,1,1,1
44,10,727,320,115,253,1,1,1
45,10,721,316,112,258,1,1,1
46,10,696,311,126,264,1,1,1
47,10,692,307,125,267,1,1,1
48,10,684,306,122,269,1,1,1
49,10,683,305,130,270,1,1,1
50,10,674,301,133,275,1,1,1
51,10,670,299,126,278,1,1,1
52,10,663,314,128,264,1,1,1
53,10,661,318,127,260,1,1,1
54,10,657,329,131,250,1,1,1
55,10,653,337,131,244,1,1,1
56,10,655,337,127,247,1,1,1
57,10,656,339,128,246,1,1,1
58,10,658,337,130,250,1,1,1
59,10,663,336,125,253,1,1,1
60,10,669,334,125,255,1,1,1
61,10,673,330,122,260,1,1,1
62,10,679,322,121,267,1,1,1
63,10,683,319,121,271,1,1,1
64,10,689,313,124,278,1,1,1
65,10,690,311,120,281,1,1,1
66,10,696,306,122,286,1,1,1
67,10,698,304,125,289,1,1,1
68,10,702,302,130,294,1,1,1
69,10,699,304,134,294,1,1,1
70,10,700,302,140,297,1,1,1
71,10,700,300,143,299,1,1,1
72,10,704,296,143,306,1,1,1
73,10,705,297,149,306,1,1,1
74,10,705,309,153,297,1,1,1
75,10,699,318,167,289,1,1,1
76,10,692,324,184,284,1,1,1
77,10,690,323,185,287,1,1,1
78,10,688,311,187,299,1,1,1
79,10,687,302,188,309,1,1,1
80,10,685,287,180,326,1,1,1
81,10,683,281,184,332,1,1,1
82,10,684,274,183,341,1,1,1
83,10,682,268,189,348,1,1,1
84,10,685,266,186,351,1,1,1
85,10,683,264,191,354,1,1,1
86,10,689,262,181,353,1,1,1
87,10,688,260,181,356,1,1,1
88,10,691,258,177,358,1,1,1
89,10,693,256,175,358,1,1,1
90,10,691,253,182,362,1,1,1
91,10,691,254,182,361,1,1,1
92,10,689,255,183,360,1,1,1
93,10,684,260,189,353,1,1,1
94,10,676,274,206,341,1,1,1
95,10,667,284,226,329,1,1,1
96,10,671,308,237,305,1,1,1
97,10,669,307,244,305,1,1,1
98,10,666,308,252,304,1,1,1
99,10,664,308,253,305,1,1,1
100,10,665,311,242,303,1,1,1
101,10,670,310,228,302,1,1,1
102,10,694,312,178,301,1,1,1
103,10,708,311,155,302,1,1,1
104,10,717,314,129,300,1,1,1
105,10,714,313,128,299,1,1,1
106,10,705,314,129,299,1,1,1
107,10,704,313,129,298,1,1,1
108,10,703,311,131,300,1,1,1
109,10,701,311,130,299,1,1,1
110,10,696,310,133,301,1,1,1
111,10,694,310,134,300,1,1,1
112,10,688,309,134,302,1,1,1
113,10,684,308,134,302,1,1,1
114,10,679,306,132,305,1,1,1
115,10,676,305,134,306,1,1,1
116,10,667,308,136,303,1,1,1
117,10,662,311,139,299,1,1,1
118,10,660,317,136,294,1,1,1
119,10,659,320,145,288,1,1,1
120,10,634,324,174,284,1,1,1
121,10,624,326,184,284,1,1,1
122,10,604,327,195,281,1,1,1
123,10,599,327,202,282,1,1,1
124,10,598,326,193,283,1,1,1
125,10,569,328,209,281,1,1,1
126,10,536,328,241,278,1,1,1
127,10,520,327,247,279,1,1,1
128,10,502,331,258,276,1,1,1
129,10,498,330,266,277,1,1,1
130,10,489,327,287,280,1,1,1
131,10,488,324,287,284,1,1,1
132,10,478,323,296,285,1,1,1
133,10,473,323,299,286,1,1,1
134,10,466,317,305,292,1,1,1
135,10,465,315,305,294,1,1,1
136,10,471,315,263,295,1,1,1
137,10,467,317,264,294,1,1,1
138,10,468,318,262,293,1,1,1
139,10,465,317,235,294,1,1,1
140,10,464,311,200,301,1,1,1
141,10,467,306,195,306,1,1,1
142,10,478,294,182,318,1,1,1
143,10,488,287,170,326,1,1,1
144,10,504,273,152,340,1,1,1
145,10,515,267,145,347,1,1,1
146,10,494,266,169,349,1,1,1
147,10,492,266,168,349,1,1,1
148,10,475,263,183,353,1,1,1
149,10,454,261,202,355,1,1,1
150,10,451,258,203,357,1,1,1
151,10,462,256,196,359,1,1,1
152,10,447,255,209,361,1,1,1
153,10,444,252,225,364,1,1,1
154,10,441,250,226,367,1,1,1
155,10,440,249,214,365,1,1,1
156,10,435,262,217,353,1,1,1
157,10,432,276,218,335,1,1,1
158,10,423,294,223,320,1,1,1
159,10,428,300,218,310,1,1,1
160,10,401,311,232,299,1,1,1
161,10,398,311,227,300,1,1,1
162,10,415,311,208,300,1,1,1
163,10,408,313,212,297,1,1,1
164,10,393,312,213,299,1,1,1
165,10,407,310,197,301,1,1,1
166,10,369,310,236,297,1,1,1
167,10,352,308,245,299,1,1,1
168,10,324,306,260,302,1,1,1
169,10,312,304,281,300,1,1,1
170,10,304,301,330,304,1,1,1
171,10,302,300,322,302,1,1,1
172,10,308,284,340,319,1,1,1
173,10,308,280,338,323,1,1,1
174,10,304,278,340,325,1,1,1
175,10,298,283,344,320,1,1,1
176,10,286,293,310,311,1,1,1
177,10,281,290,355,314,1,1,1
178,10,283,291,349,313,1,1,1
179,10,287,291,324,313,1,1,1
180,10,290,292,286,313,1,1,1
181,10,292,291,253,314,1,1,1
182,10,304,283,210,320,1,1,1
183,10,312,277,190,326,1,1,1
184,10,297,266,190,336,1,1,1
185,10,306,260,178,343,1,1,1
186,10,329,252,173,350,1,1,1
187,10,343,249,156,354,1,1,1
188,10,356,237,156,366,1,1,1
189,10,341,235,175,368,1,1,1
190,10,317,231,211,373,1,1,1
191,10,306,230,219,374,1,1,1
192,10,296,227,230,377,1,1,1
193,10,292,226,231,377,1,1,1
194,10,298,224,224,379,1,1,1
195,10,294,223,231,380,1,1,1
196,10,291,222,240,382,1,1,1
197,10,292,221,234,383,1,1,1
198,10,297,220,235,384,1,1,1
199,10,296,219,236,385,1,1,1
200,10,300,223,226,382,1,1,1
201,10,300,229,223,375,1,1,1
202,10,297,258,223,347,1,1,1
203,10,294,268,226,337,1,1,1
204,10,291,280,228,325,1,1,1
205,10,288,287,244,318,1,1,1
206,10,294,297,273,309,1,1,1
207,10,303,296,274,310,1,1,1
208,10,332,290,250,316,1,1,1
209,10,338,284,231,322,1,1,1
210,10,367,274,174,332,1,1,1
211,10,384,271,167,336,1,1,1
212,10,401,273,174,334,1,1,1
213,10,412,272,166,335,1,1,1
214,10,426,258,163,349,1,1,1
215,10,430,249,163,359,1,1,1
216,10,444,231,167,376,1,1,1
217,10,449,218,156,391,1,1,1
218,10,456,218,154,392,1,1,1
219,10,462,216,153,394,1,1,1
220,10,472,211,150,399,1,1,1
221,10,476,211,152,400,1,1,1
222,10,496,211,147,400,1,1,1
223,10,498,211,153,403,1,1,1
224,10,508,206,155,407,1,1,1
225,10,514,209,153,404,1,1,1
226,10,519,229,158,384,1,1,1
227,10,525,240,151,373,1,1,1
228,10,538,275,153,339,1,1,1
229,10,544,277,158,337,1,1,1
230,10,554,279,153,335,1,1,1
232,10,554,278,157,337,1,1,1
234,10,553,277,156,338,1,1,1
235,10,557,278,152,337,1,1,1
236,10,557,283,148,333,1,1,1
237,10,558,288,144,328,1,1,1
238,10,562,288,142,329,1,1,1
239,10,561,289,149,328,1,1,1
240,10,562,289,149,328,1,1,1
241,10,568,288,150,329,1,1,1
242,10,569,288,148,330,1,1,1
243,10,583,292,135,326,1,1,1
244,10,583,291,138,327,1,1,1
245,10,589,291,138,326,1,1,1
246,10,583,281,148,333,1,1,1
247,10,584,262,148,352,1,1,1
248,10,583,256,148,359,1,1,1
249,10,582,246,148,369,1,1,1
250,10,581,242,148,373,1,1,1
251,10,580,235,146,380,1,1,1
252,10,579,232,144,383,1,1,1
253,10,578,230,141,386,1,1,1
254,10,577,229,145,387,1,1,1
255,10,584,227,137,389,1,1,1
256,10,583,224,137,390,1,1,1
257,10,582,223,136,391,1,1,1
258,10,581,226,136,389,1,1,1
259,10,585,225,134,387,1,1,1
260,10,585,225,142,387,1,1,1
261,10,585,229,141,384,1,1,1
262,10,584,234,142,378,1,1,1
263,10,586,248,139,364,1,1,1
264,10,586,259,139,352,1,1,1
265,10,589,294,136,317,1,1,1
266,10,593,293,134,317,1,1,1
267,10,600,295,130,316,1,1,1
268,10,602,294,131,317,1,1,1
269,10,605,297,130,314,1,1,1
270,10,604,297,131,314,1,1,1
271,10,604,297,135,315,1,1,1
272,10,603,296,143,315,1,1,1
273,10,603,297,144,314,1,1,1
274,10,602,298,144,314,1,1,1
275,10,598,298,152,314,1,1,1
276,10,596,299,156,313,1,1,1
277,10,594,299,158,314,1,1,1
278,10,590,298,161,314,1,1,1
279,10,585,295,161,318,1,1,1
280,10,587,294,159,319,1,1,1
281,10,584,294,162,319,1,1,1
282,10,583,292,166,321,1,1,1
283,10,582,300,165,314,1,1,1
284,10,581,306,166,308,1,1,1
285,10,596,320,151,294,1,1,1
286,10,595,327,149,287,1,1,1
287,10,594,334,138,277,1,1,1
288,10,593,339,133,272,1,1,1
289,10,592,342,134,269,1,1,1
290,10,591,345,136,266,1,1,1
291,10,608,345,119,262,1,1,1
292,10,612,341,114,266,1,1,1
293,10,616,329,103,277,1,1,1
294,10,617,303,100,303,1,1,1
295,10,620,269,96,328,1,1,1
296,10,620,259,100,330,1,1,1
297,10,611,251,114,338,1,1,1
298,10,608,254,121,335,1,1,1
299,10,603,270,131,317,1,1,1
300,10,607,281,127,307,1,1,1
301,10,598,312,140,286,1,1,1
302,10,597,331,142,265,1,1,1
303,10,596,346,147,242,1,1,1
304,10,603,349,145,239,1,1,1
305,10,603,351,135,235,1,1,1
306,10,602,350,134,237,1,1,1
307,10,601,349,133,239,1,1,1
308,10,600,349,142,235,1,1,1
309,10,600,357,157,227,1,1,1
310,10,599,357,161,227,1,1,1
311,10,598,359,155,225,1,1,1
312,10,597,359,156,225,1,1,1
313,10,597,359,147,225,1,1,1
314,10,596,359,144,225,1,1,1
319,10,539,358,160,223,1,1,1
320,10,538,358,158,222,1,1,1
321,10,537,364,145,217,1,1,1
322,10,531,364,140,217,1,1,1
323,10,521,364,134,217,1,1,1
324,10,519,364,130,217,1,1,1
325,10,512,364,131,213,1,1,1
327,10,511,364,128,212,1,1,1
328,10,511,364,128,212,1,1,1
331,10,508,364,119,216,1,1,1
332,10,507,365,119,215,1,1,1
333,10,517,368,115,212,1,1,1
334,10,528,371,110,209,1,1,1
335,10,538,374,105,207,1,1,1
336,10,549,377,101,204,1,1,1
345,10,541,377,101,204,1,1,1
346,10,538,374,114,207,1,1,1
347,10,546,374,124,207,1,1,1
348,10,545,374,136,207,1,1,1
349,10,544,374,149,206,1,1,1
350,10,538,374,155,206,1,1,1
351,10,537,374,161,203,1,1,1
352,10,531,374,172,203,1,1,1
353,10,526,374,173,203,1,1,1
354,10,528,374,176,203,1,1,1
355,10,530,374,178,203,1,1,1
356,10,532,374,180,203,1,1,1
357,10,543,374,176,203,1,1,1
358,10,544,373,178,204,1,1,1
359,10,566,371,163,204,1,1,1
360,10,570,371,163,204,1,1,1
361,10,569,366,176,209,1,1,1
362,10,568,363,180,212,1,1,1
363,10,570,363,178,212,1,1,1
364,10,572,363,175,212,1,1,1
365,10,595,370,147,205,1,1,1
366,10,594,374,149,201,1,1,1
367,10,594,371,152,204,1,1,1
368,10,603,371,150,204,1,1,1
369,10,616,360,141,215,1,1,1
370,10,622,360,141,215,1,1,1
371,10,629,355,150,220,1,1,1
372,10,633,355,153,221,1,1,1
373,10,636,355,160,220,1,1,1
374,10,639,355,159,221,1,1,1
375,10,647,355,162,221,1,1,1
376,10,651,353,157,223,1,1,1
377,10,657,353,166,223,1,1,1
378,10,667,353,167,223,1,1,1
379,10,673,353,164,222,1,1,1
380,10,682,353,158,222,1,1,1
381,10,692,354,164,222,1,1,1
382,10,692,354,165,226,1,1,1
383,10,701,356,156,223,1,1,1
384,10,711,362,149,218,1,1,1
385,10,720,373,139,207,1,1,1
386,10,720,375,165,205,1,1,1
387,10,720,381,165,199,1,1,1
388,10,720,370,166,210,1,1,1
389,10,733,370,161,210,1,1,1
390,10,758,364,161,216,1,1,1
391,10,758,359,161,221,1,1,1
392,10,760,359,162,221,1,1,1
393,10,760,359,162,234,1,1,1
394,10,775,369,147,224,1,1,1
395,10,779,369,152,224,1,1,1
396,10,786,369,164,224,1,1,1
397,10,786,364,170,229,1,1,1
398,10,786,364,172,229,1,1,1
399,10,790,364,177,230,1,1,1
400,10,790,364,184,230,1,1,1
401,10,810,372,140,218,1,1,1
402,10,829,375,125,216,1,1,1
403,10,839,384,141,212,1,1,1
28,11,757,385,96,179,1,1,1
29,11,754,385,96,179,1,1,1
30,11,742,390,108,173,1,1,1
31,11,741,391,101,173,1,1,1
32,11,751,385,92,178,1,1,1
33,11,756,391,87,173,1,1,1
34,11,750,392,93,171,1,1,1
35,11,745,394,100,170,1,1,1
36,11,732,392,112,171,1,1,1
37,11,720,391,125,173,1,1,1
38,11,708,377,123,190,1,1,1
42,11,711,360,101,211,1,1,1
43,11,702,360,96,210,1,1,1
44,11,680,344,104,229,1,1,1
45,11,673,341,101,233,1,1,1
46,11,666,338,98,238,1,1,1
47,11,667,335,88,241,1,1,1
48,11,643,331,105,245,1,1,1
49,11,627,333,118,244,1,1,1
50,11,621,331,116,247,1,1,1
51,11,614,327,123,252,1,1,1
52,11,607,329,129,251,1,1,1
53,11,600,331,132,249,1,1,1
54,11,593,352,153,229,1,1,1
55,11,591,352,162,230,1,1,1
56,11,589,354,168,230,1,1,1
57,11,585,355,168,229,1,1,1
58,11,579,356,171,231,1,1,1
59,11,576,354,171,235,1,1,1
60,11,580,353,161,237,1,1,1
61,11,580,353,158,238,1,1,1
62,11,575,352,165,238,1,1,1
63,11,575,354,161,237,1,1,1
64,11,577,344,157,248,1,1,1
65,11,575,343,160,250,1,1,1
66,11,575,333,157,260,1,1,1
67,11,578,332,159,263,1,1,1
68,11,584,325,149,273,1,1,1
69,11,584,324,150,275,1,1,1
70,11,586,319,148,281,1,1,1
71,11,586,314,148,287,1,1,1
72,11,584,321,159,281,1,1,1
73,11,583,324,166,279,1,1,1
74,11,576,335,176,273,1,1,1
75,11,569,345,184,265,1,1,1
76,11,588,349,177,262,1,1,1
77,11,585,351,178,258,1,1,1
78,11,592,346,170,263,1,1,1
79,11,591,341,164,270,1,1,1
80,11,593,332,160,280,1,1,1
81,11,589,328,163,285,1,1,1
82,11,587,322,176,292,1,1,1
83,11,594,319,159,296,1,1,1
84,11,602,317,152,298,1,1,1
85,11,603,315,150,300,1,1,1
86,11,602,313,149,302,1,1,1
87,11,601,311,148,304,1,1,1
88,11,596,305,151,310,1,1,1
89,11,594,304,153,312,1,1,1
90,11,592,300,155,315,1,1,1
91,11,590,298,155,318,1,1,1
92,11,588,297,156,318,1,1,1
93,11,586,296,157,318,1,1,1
94,11,579,295,163,320,1,1,1
95,11,582,296,161,317,1,1,1
96,11,580,302,164,310,1,1,1
97,11,578,308,168,306,1,1,1
98,11,576,321,175,294,1,1,1
99,11,574,329,180,283,1,1,1
100,11,572,331,186,282,1,1,1
101,11,571,328,189,284,1,1,1
102,11,570,331,181,282,1,1,1
103,11,569,330,163,283,1,1,1
104,11,567,333,148,280,1,1,1
105,11,566,333,132,280,1,1,1
106,11,565,336,121,278,1,1,1
107,11,564,338,121,275,1,1,1
117,11,508,343,148,268,1,1,1
118,11,507,351,144,260,1,1,1
119,11,500,355,148,257,1,1,1
120,11,482,356,162,256,1,1,1
121,11,478,359,163,253,1,1,1
122,11,470,359,166,253,1,1,1
123,11,464,359,168,254,1,1,1
124,11,414,356,214,257,1,1,1
125,11,397,354,228,259,1,1,1
126,11,375,351,246,262,1,1,1
127,11,361,352,275,261,1,1,1
128,11,355,349,278,265,1,1,1
129,11,354,350,278,264,1,1,1
130,11,352,348,277,266,1,1,1
131,11,349,348,279,267,1,1,1
132,11,339,347,286,267,1,1,1
133,11,335,348,289,267,1,1,1
134,11,322,345,300,270,1,1,1
135,11,316,337,303,279,1,1,1
136,11,317,336,301,280,1,1,1
137,11,320,337,296,279,1,1,1
138,11,379,337,185,279,1,1,1
139,11,373,337,165,280,1,1,1
140,11,371,333,158,284,1,1,1
141,11,371,321,152,296,1,1,1
142,11,373,320,153,297,1,1,1
143,11,368,314,153,303,1,1,1
144,11,378,311,167,307,1,1,1
145,11,377,311,164,307,1,1,1
146,11,369,314,165,305,1,1,1
147,11,362,310,168,309,1,1,1
148,11,357,302,169,317,1,1,1
149,11,353,293,169,327,1,1,1
150,11,348,287,170,331,1,1,1
151,11,350,285,163,332,1,1,1
152,11,337,284,172,334,1,1,1
153,11,332,284,172,331,1,1,1
154,11,318,290,182,324,1,1,1
155,11,313,300,183,314,1,1,1
156,11,308,331,184,284,1,1,1
157,11,303,333,185,282,1,1,1
158,11,298,339,186,274,1,1,1
159,11,300,339,162,274,1,1,1
160,11,295,342,162,270,1,1,1
161,11,290,342,163,271,1,1,1
162,11,285,340,163,272,1,1,1
163,11,280,339,163,266,1,1,1
164,11,248,339,196,266,1,1,1
165,11,220,337,236,268,1,1,1
166,11,182,334,270,271,1,1,1
167,11,175,334,275,271,1,1,1
168,11,173,327,292,278,1,1,1
169,11,173,327,306,277,1,1,1
170,11,177,320,324,285,1,1,1
171,11,177,318,335,287,1,1,1
172,11,180,316,340,288,1,1,1
173,11,176,316,342,289,1,1,1
174,11,168,312,347,292,1,1,1
175,11,162,311,350,293,1,1,1
176,11,164,307,346,297,1,1,1
177,11,182,309,325,294,1,1,1
178,11,201,316,278,287,1,1,1
179,11,223,320,240,284,1,1,1
180,11,233,321,188,283,1,1,1
181,11,235,316,164,287,1,1,1
182,11,245,303,135,301,1,1,1
183,11,238,294,137,308,1,1,1
184,11,239,281,132,320,1,1,1
185,11,248,280,122,321,1,1,1
186,11,257,280,130,320,1,1,1
187,11,254,281,132,319,1,1,1
188,11,250,274,134,326,1,1,1
189,11,248,273,164,330,1,1,1
190,11,245,264,164,340,1,1,1
191,11,241,259,164,345,1,1,1
192,11,244,254,164,351,1,1,1
193,11,240,252,165,354,1,1,1
194,11,238,250,163,355,1,1,1
195,11,237,248,162,358,1,1,1
196,11,233,247,162,358,1,1,1
197,11,244,248,157,357,1,1,1
198,11,241,259,157,346,1,1,1
199,11,238,273,168,333,1,1,1
200,11,248,298,155,307,1,1,1
201,11,247,304,160,302,1,1,1
202,11,243,319,168,287,1,1,1
203,11,254,327,178,279,1,1,1
204,11,256,333,201,273,1,1,1
205,11,257,331,203,275,1,1,1
206,11,260,320,197,288,1,1,1
207,11,261,313,185,294,1,1,1
208,11,281,307,137,301,1,1,1
209,11,285,308,139,300,1,1,1
210,11,297,313,130,296,1,1,1
211,11,299,300,135,309,1,1,1
212,11,309,279,130,330,1,1,1
213,11,314,271,135,338,1,1,1
214,11,330,262,124,347,1,1,1
215,11,327,260,131,350,1,1,1
216,11,323,257,141,354,1,1,1
217,11,319,254,150,357,1,1,1
218,11,319,251,153,360,1,1,1
219,11,323,250,156,361,1,1,1
220,11,327,251,159,361,1,1,1
221,11,328,254,164,358,1,1,1
222,11,346,263,165,349,1,1,1
223,11,345,272,177,341,1,1,1
224,11,337,294,203,318,1,1,1
225,11,347,309,205,304,1,1,1
226,11,351,314,218,300,1,1,1
227,11,361,316,211,298,1,1,1
228,11,371,316,203,297,1,1,1
229,11,375,317,195,297,1,1,1
230,11,370,310,185,305,1,1,1
231,11,389,310,156,305,1,1,1
232,11,393,305,137,311,1,1,1
233,11,398,303,127,312,1,1,1
234,11,390,301,126,315,1,1,1
235,11,394,300,126,316,1,1,1
236,11,399,299,125,317,1,1,1
237,11,397,304,127,313,1,1,1
238,11,401,309,129,308,1,1,1
239,11,405,324,140,291,1,1,1
240,11,409,322,140,292,1,1,1
241,11,407,323,145,292,1,1,1
242,11,406,326,150,290,1,1,1
243,11,410,329,150,286,1,1,1
244,11,409,330,154,286,1,1,1
245,11,413,315,145,300,1,1,1
246,11,414,307,141,309,1,1,1
247,11,416,296,132,321,1,1,1
248,11,414,285,125,331,1,1,1
249,11,407,285,135,332,1,1,1
250,11,410,280,131,337,1,1,1
251,11,413,279,127,338,1,1,1
252,11,412,276,126,341,1,1,1
253,11,409,272,126,346,1,1,1
254,11,408,267,125,347,1,1,1
255,11,410,266,122,348,1,1,1
256,11,409,266,120,348,1,1,1
257,11,407,290,122,324,1,1,1
258,11,406,295,122,319,1,1,1
259,11,409,295,129,319,1,1,1
260,11,412,311,129,304,1,1,1
261,11,414,311,129,302,1,1,1
262,11,417,311,128,301,1,1,1
263,11,417,317,128,296,1,1,1
264,11,416,317,132,296,1,1,1
265,11,416,313,134,299,1,1,1
266,11,419,314,133,298,1,1,1
268,11,423,310,133,302,1,1,1
280,11,448,328,131,285,1,1,1
281,11,446,329,135,284,1,1,1
282,11,443,329,124,284,1,1,1
285,11,437,346,142,262,1,1,1
286,11,432,347,150,262,1,1,1
291,11,433,350,142,259,1,1,1
292,11,434,350,143,259,1,1,1
293,11,456,351,160,255,1,1,1
294,11,458,332,160,272,1,1,1
295,11,468,310,145,294,1,1,1
296,11,476,302,134,299,1,1,1
297,11,488,297,133,303,1,1,1
298,11,487,295,144,303,1,1,1
299,11,485,304,128,293,1,1,1
300,11,482,312,132,282,1,1,1
301,11,479,327,135,271,1,1,1
302,11,473,332,136,266,1,1,1
303,11,465,348,145,249,1,1,1
304,11,467,354,132,244,1,1,1
305,11,469,359,132,237,1,1,1
306,11,464,356,139,231,1,1,1
307,11,475,353,130,234,1,1,1
308,11,471,353,136,233,1,1,1
309,11,485,360,132,226,1,1,1
310,11,478,363,145,223,1,1,1
311,11,471,362,139,224,1,1,1
312,11,464,357,139,228,1,1,1
313,11,453,353,140,233,1,1,1
314,11,447,352,138,234,1,1,1
315,11,438,353,148,232,1,1,1
316,11,432,355,153,230,1,1,1
317,11,421,361,145,223,1,1,1
318,11,416,358,145,225,1,1,1
319,11,402,358,148,225,1,1,1
320,11,394,359,149,224,1,1,1
321,11,376,364,148,218,1,1,1
322,11,368,367,146,216,1,1,1
323,11,355,368,146,215,1,1,1
324,11,354,366,139,217,1,1,1
325,11,351,363,133,220,1,1,1
326,11,346,363,139,220,1,1,1
327,11,341,368,145,218,1,1,1
328,11,339,368,148,218,1,1,1
329,11,338,366,141,220,1,1,1
330,11,339,366,123,219,1,1,1
331,11,347,365,115,220,1,1,1
332,11,348,366,114,219,1,1,1
333,11,341,367,115,221,1,1,1
334,11,342,367,116,221,1,1,1
335,11,343,368,117,220,1,1,1
336,11,349,367,113,220,1,1,1
337,11,358,366,104,220,1,1,1
338,11,359,364,101,222,1,1,1
339,11,353,362,104,224,1,1,1
340,11,350,361,105,224,1,1,1
341,11,355,365,115,220,1,1,1
342,11,355,368,121,217,1,1,1
343,11,359,374,125,211,1,1,1
344,11,363,376,127,208,1,1,1
345,11,368,373,121,211,1,1,1
346,11,372,374,116,210,1,1,1
347,11,376,368,109,216,1,1,1
348,11,381,363,117,221,1,1,1
349,11,376,363,140,220,1,1,1
350,11,379,363,145,220,1,1,1
351,11,382,361,161,221,1,1,1
352,11,379,361,170,221,1,1,1
353,11,382,363,170,219,1,1,1
354,11,385,363,170,219,1,1,1
355,11,389,362,173,219,1,1,1
356,11,393,361,173,220,1,1,1
357,11,396,361,181,220,1,1,1
358,11,399,361,178,219,1,1,1
359,11,401,359,184,221,1,1,1
360,11,404,359,185,221,1,1,1
361,11,420,357,175,223,1,1,1
362,11,424,357,171,223,1,1,1
363,11,432,357,161,223,1,1,1
364,11,433,363,163,216,1,1,1
365,11,448,363,154,215,1,1,1
366,11,446,357,161,221,1,1,1
367,11,450,356,174,222,1,1,1
368,11,454,359,178,219,1,1,1
369,11,464,352,174,226,1,1,1
370,11,468,349,171,228,1,1,1
371,11,485,344,164,233,1,1,1
372,11,490,344,160,233,1,1,1
373,11,498,344,157,233,1,1,1
374,11,506,343,155,233,1,1,1
375,11,513,343,153,233,1,1,1
376,11,516,342,155,233,1,1,1
377,11,521,342,156,238,1,1,1
378,11,524,344,159,236,1,1,1
379,11,529,340,156,239,1,1,1
380,11,531,340,150,239,1,1,1
381,11,542,342,143,237,1,1,1
382,11,555,342,137,237,1,1,1
383,11,564,355,133,224,1,1,1
384,11,561,364,141,217,1,1,1
385,11,560,368,157,215,1,1,1
386,11,559,373,172,213,1,1,1
387,11,563,366,173,220,1,1,1
388,11,568,361,175,225,1,1,1
389,11,577,355,172,231,1,1,1
390,11,581,354,173,232,1,1,1
391,11,586,353,174,233,1,1,1
392,11,591,351,175,235,1,1,1
393,11,595,353,176,233,1,1,1
394,11,600,354,177,232,1,1,1
395,11,605,354,178,233,1,1,1
396,11,610,354,179,235,1,1,1
397,11,614,354,180,236,1,1,1
398,11,619,357,181,240,1,1,1
399,11,627,358,179,238,1,1,1
400,11,636,359,176,237,1,1,1
401,11,643,361,162,235,1,1,1
402,11,650,365,150,232,1,1,1
403,11,671,377,157,220,1,1,1
1,12,731,322,182,233,1,1,1
2,12,731,323,183,233,1,1,1
3,12,731,324,185,233,1,1,1
4,12,730,325,186,233,1,1,1
5,12,730,325,187,233,1,1,1
6,12,730,326,188,233,1,1,1
7,12,729,327,189,234,1,1,1
8,12,731,328,190,234,1,1,1
9,12,732,329,190,233,1,1,1
10,12,730,331,193,232,1,1,1
11,12,730,329,194,234,1,1,1
12,12,729,330,197,235,1,1,1
13,12,727,330,199,233,1,1,1
14,12,725,327,203,236,1,1,1
15,12,723,328,207,236,1,1,1
16,12,717,327,213,237,1,1,1
17,12,712,325,218,240,1,1,1
18,12,707,321,224,244,1,1,1
19,12,704,318,228,247,1,1,1
20,12,705,313,217,250,1,1,1
21,12,706,312,204,251,1,1,1
22,12,713,311,162,253,1,1,1
23,12,719,312,159,252,1,1,1
24,12,709,315,167,250,1,1,1
25,12,708,317,169,248,1,1,1
26,12,715,319,160,247,1,1,1
27,12,722,318,149,248,1,1,1
28,12,713,317,151,249,1,1,1
29,12,705,317,148,250,1,1,1
30,12,686,314,158,253,1,1,1
31,12,676,311,159,256,1,1,1
32,12,659,303,160,263,1,1,1
33,12,648,298,169,271,1,1,1
34,12,628,285,195,284,1,1,1
35,12,625,281,194,289,1,1,1
36,12,622,264,184,306,1,1,1
37,12,619,253,177,318,1,1,1
38,12,613,235,162,336,1,1,1
39,12,609,230,158,342,1,1,1
40,12,604,218,147,354,1,1,1
41,12,597,214,152,359,1,1,1
42,12,578,209,167,364,1,1,1
43,12,566,207,174,366,1,1,1
44,12,553,203,170,372,1,1,1
45,12,544,200,165,376,1,1,1
46,12,532,197,172,380,1,1,1
47,12,529,198,167,380,1,1,1
48,12,523,204,157,375,1,1,1
49,12,519,207,154,373,1,1,1
50,12,508,218,163,362,1,1,1
51,12,506,224,157,357,1,1,1
52,12,501,244,161,337,1,1,1
53,12,499,256,161,326,1,1,1
54,12,497,255,159,327,1,1,1
55,12,497,254,156,328,1,1,1
56,12,493,252,156,334,1,1,1
57,12,488,245,158,340,1,1,1
58,12,482,236,162,353,1,1,1
59,12,478,232,166,359,1,1,1
60,12,475,225,164,367,1,1,1
61,12,480,222,162,370,1,1,1
62,12,480,216,161,375,1,1,1
63,12,480,214,164,378,1,1,1
64,12,481,212,158,382,1,1,1
65,12,479,209,157,385,1,1,1
66,12,475,207,163,388,1,1,1
67,12,474,205,161,389,1,1,1
68,12,471,204,163,394,1,1,1
69,12,471,205,163,394,1,1,1
70,12,472,209,160,392,1,1,1
71,12,471,214,162,388,1,1,1
72,12,468,232,169,373,1,1,1
73,12,465,231,181,375,1,1,1
74,12,456,229,200,379,1,1,1
75,12,453,230,205,379,1,1,1
76,12,449,218,213,393,1,1,1
77,12,450,206,215,407,1,1,1
78,12,448,180,218,431,1,1,1
79,12,449,171,216,441,1,1,1
80,12,448,160,212,453,1,1,1
81,12,449,153,208,460,1,1,1
82,12,447,143,207,471,1,1,1
83,12,445,141,206,475,1,1,1
84,12,441,139,215,477,1,1,1
85,12,442,137,219,478,1,1,1
86,12,440,134,227,481,1,1,1
87,12,436,133,233,484,1,1,1
88,12,432,131,240,486,1,1,1
89,12,432,132,241,483,1,1,1
90,12,428,132,251,483,1,1,1
91,12,429,131,249,484,1,1,1
92,12,425,133,253,482,1,1,1
93,12,424,137,249,479,1,1,1
94,12,424,148,253,466,1,1,1
95,12,424,154,262,461,1,1,1
96,12,425,173,281,442,1,1,1
97,12,430,186,289,427,1,1,1
98,12,441,212,297,402,1,1,1
99,12,438,211,308,403,1,1,1
100,12,446,210,308,402,1,1,1
101,12,455,211,299,401,1,1,1
102,12,472,209,271,404,1,1,1
103,12,480,210,255,403,1,1,1
104,12,499,211,230,403,1,1,1
105,12,501,211,219,403,1,1,1
106,12,502,212,203,403,1,1,1
107,12,504,213,195,400,1,1,1
108,12,502,212,187,399,1,1,1
109,12,503,214,190,397,1,1,1
110,12,512,213,188,398,1,1,1
111,12,512,215,190,396,1,1,1
112,12,510,215,195,396,1,1,1
113,12,512,213,195,398,1,1,1
114,12,518,211,195,400,1,1,1
115,12,522,213,195,398,1,1,1
116,12,522,217,200,396,1,1,1
117,12,520,220,203,392,1,1,1
118,12,521,234,212,375,1,1,1
119,12,519,237,223,374,1,1,1
120,12,528,242,218,367,1,1,1
121,12,523,244,226,365,1,1,1
122,12,544,247,207,361,1,1,1
123,12,545,250,205,360,1,1,1
124,12,560,252,204,357,1,1,1
125,12,565,255,210,354,1,1,1
126,12,572,258,217,351,1,1,1
127,12,570,259,232,350,1,1,1
128,12,532,260,299,351,1,1,1
129,12,515,259,327,350,1,1,1
130,12,500,259,351,349,1,1,1
131,12,495,260,358,348,1,1,1
132,12,502,261,352,348,1,1,1
133,12,512,261,337,348,1,1,1
134,12,527,260,322,350,1,1,1
135,12,531,252,317,358,1,1,1
136,12,594,251,254,360,1,1,1
137,12,599,249,248,362,1,1,1
138,12,600,244,244,367,1,1,1
139,12,594,238,248,374,1,1,1
140,12,616,224,220,387,1,1,1
141,12,619,221,214,392,1,1,1
142,12,626,218,191,393,1,1,1
143,12,631,218,179,394,1,1,1
144,12,641,217,186,397,1,1,1
145,12,637,214,196,400,1,1,1
146,12,634,201,207,415,1,1,1
147,12,642,197,221,419,1,1,1
148,12,647,190,232,426,1,1,1
149,12,648,187,245,430,1,1,1
150,12,656,183,247,435,1,1,1
151,12,660,185,234,433,1,1,1
152,12,672,181,225,435,1,1,1
153,12,679,179,210,437,1,1,1
154,12,674,186,210,430,1,1,1
155,12,677,190,215,425,1,1,1
156,12,667,203,234,412,1,1,1
157,12,673,214,229,401,1,1,1
158,12,673,235,231,379,1,1,1
159,12,679,245,227,369,1,1,1
160,12,686,257,223,357,1,1,1
161,12,692,260,218,353,1,1,1
162,12,676,270,256,343,1,1,1
163,12,682,272,254,340,1,1,1
164,12,687,279,244,333,1,1,1
165,12,693,280,238,331,1,1,1
166,12,699,280,228,329,1,1,1
167,12,724,281,228,328,1,1,1
168,12,740,268,223,340,1,1,1
169,12,742,279,197,330,1,1,1
170,12,739,279,222,328,1,1,1
171,12,731,280,233,327,1,1,1
172,12,724,280,243,325,1,1,1
173,12,725,281,249,325,1,1,1
174,12,735,285,236,320,1,1,1
175,12,745,286,229,320,1,1,1
176,12,754,275,236,330,1,1,1
177,12,758,275,221,330,1,1,1
178,12,791,276,191,330,1,1,1
179,12,797,272,190,333,1,1,1
180,12,803,272,185,332,1,1,1
181,12,809,267,182,340,1,1,1
182,12,815,242,186,363,1,1,1
183,12,821,233,184,372,1,1,1
184,12,832,218,173,385,1,1,1
185,12,831,216,164,388,1,1,1
186,12,819,212,189,390,1,1,1
187,12,825,209,199,393,1,1,1
188,12,823,206,218,396,1,1,1
189,12,820,204,221,398,1,1,1
190,12,825,200,219,404,1,1,1
191,12,819,199,228,405,1,1,1
192,12,810,196,248,409,1,1,1
193,12,815,192,247,412,1,1,1
194,12,820,191,249,413,1,1,1
195,12,825,190,241,414,1,1,1
196,12,816,189,246,413,1,1,1
197,12,820,194,241,408,1,1,1
198,12,825,206,231,398,1,1,1
199,12,817,222,235,381,1,1,1
200,12,822,256,238,349,1,1,1
201,12,832,264,229,342,1,1,1
202,12,837,271,223,332,1,1,1
203,12,839,275,217,328,1,1,1
204,12,838,275,201,328,1,1,1
205,12,831,273,193,330,1,1,1
206,12,815,268,186,335,1,1,1
207,12,802,268,193,335,1,1,1
208,12,796,268,180,333,1,1,1
209,12,778,268,197,339,1,1,1
210,12,779,236,198,370,1,1,1
211,12,775,233,210,372,1,1,1
212,12,755,179,188,429,1,1,1
213,12,755,163,178,444,1,1,1
214,12,740,145,167,463,1,1,1
215,12,735,137,161,470,1,1,1
216,12,721,130,179,478,1,1,1
217,12,717,127,185,481,1,1,1
218,12,699,121,178,487,1,1,1
219,12,691,117,180,491,1,1,1
220,12,656,113,202,495,1,1,1
221,12,641,117,215,492,1,1,1
222,12,614,130,230,478,1,1,1
223,12,604,140,226,471,1,1,1
224,12,582,159,234,452,1,1,1
225,12,575,172,234,439,1,1,1
226,12,571,189,206,421,1,1,1
227,12,574,190,204,423,1,1,1
228,12,583,189,191,424,1,1,1
229,12,587,189,178,424,1,1,1
230,12,590,174,177,438,1,1,1
231,12,583,167,183,447,1,1,1
232,12,574,155,189,459,1,1,1
233,12,571,150,190,463,1,1,1
234,12,556,147,196,469,1,1,1
235,12,552,146,196,468,1,1,1
236,12,539,145,201,471,1,1,1
237,12,535,147,197,468,1,1,1
238,12,532,145,195,470,1,1,1
239,12,527,146,195,471,1,1,1
240,12,527,147,196,471,1,1,1
241,12,529,151,190,466,1,1,1
242,12,527,158,188,459,1,1,1
243,12,519,174,189,443,1,1,1
244,12,516,185,191,432,1,1,1
245,12,520,185,190,431,1,1,1
246,12,517,187,194,429,1,1,1
247,12,507,185,201,431,1,1,1
248,12,505,171,204,445,1,1,1
249,12,499,142,198,475,1,1,1
250,12,493,133,201,484,1,1,1
251,12,491,116,204,501,1,1,1
252,12,486,108,210,509,1,1,1
253,12,478,97,212,519,1,1,1
254,12,474,94,218,522,1,1,1
255,12,464,91,226,525,1,1,1
256,12,460,89,229,527,1,1,1
257,12,454,86,231,529,1,1,1
258,12,445,85,239,530,1,1,1
259,12,436,90,241,526,1,1,1
260,12,431,92,244,523,1,1,1
261,12,421,105,255,510,1,1,1
262,12,418,114,247,501,1,1,1
263,12,415,137,250,478,1,1,1
264,12,412,152,261,462,1,1,1
265,12,412,182,275,433,1,1,1
266,12,405,182,286,432,1,1,1
267,12,406,178,287,436,1,1,1
268,12,407,179,283,435,1,1,1
269,12,411,180,265,433,1,1,1
270,12,415,180,252,434,1,1,1
271,12,410,180,246,433,1,1,1
272,12,409,181,237,432,1,1,1
273,12,413,184,222,430,1,1,1
274,12,412,186,216,428,1,1,1
275,12,409,188,214,425,1,1,1
276,12,409,189,212,425,1,1,1
277,12,414,190,210,424,1,1,1
278,12,413,188,208,426,1,1,1
279,12,415,185,202,429,1,1,1
280,12,415,184,203,431,1,1,1
281,12,414,182,209,433,1,1,1
282,12,413,179,212,435,1,1,1
283,12,406,177,220,438,1,1,1
284,12,406,182,225,435,1,1,1
285,12,400,197,248,419,1,1,1
286,12,394,207,260,409,1,1,1
287,12,386,227,265,389,1,1,1
288,12,381,231,267,385,1,1,1
289,12,384,243,250,372,1,1,1
290,12,389,246,235,369,1,1,1
291,12,409,248,203,364,1,1,1
292,12,420,250,181,360,1,1,1
293,12,446,248,147,359,1,1,1
294,12,460,248,140,358,1,1,1
295,12,481,235,138,370,1,1,1
296,12,495,224,132,377,1,1,1
297,12,513,201,134,399,1,1,1
298,12,513,194,149,401,1,1,1
299,12,512,187,174,405,1,1,1
300,12,510,191,186,402,1,1,1
301,12,506,207,195,387,1,1,1
302,12,499,224,199,372,1,1,1
303,12,495,243,191,352,1,1,1
304,12,491,256,201,339,1,1,1
305,12,494,274,197,322,1,1,1
306,12,498,277,199,314,1,1,1
307,12,520,281,171,308,1,1,1
308,12,529,283,185,305,1,1,1
309,12,544,288,208,299,1,1,1
310,12,551,288,208,298,1,1,1
311,12,544,283,209,303,1,1,1
312,12,537,281,211,305,1,1,1
313,12,530,282,209,304,1,1,1
314,12,527,286,212,300,1,1,1
315,12,524,294,208,289,1,1,1
316,12,524,296,204,287,1,1,1
317,12,520,297,194,286,1,1,1
318,12,517,296,188,285,1,1,1
319,12,507,299,186,280,1,1,1
320,12,503,303,186,276,1,1,1
321,12,491,311,178,269,1,1,1
322,12,486,311,171,269,1,1,1
323,12,479,308,160,272,1,1,1
324,12,478,308,157,275,1,1,1
325,12,471,315,160,266,1,1,1
326,12,469,318,160,264,1,1,1
327,12,472,318,157,263,1,1,1
328,12,474,316,154,266,1,1,1
329,12,473,318,147,264,1,1,1
330,12,473,320,146,262,1,1,1
331,12,478,321,141,261,1,1,1
332,12,481,323,138,259,1,1,1
333,12,483,327,133,255,1,1,1
334,12,485,329,130,254,1,1,1
335,12,492,340,126,243,1,1,1
336,12,496,342,124,244,1,1,1
337,12,501,337,118,249,1,1,1
338,12,502,338,115,248,1,1,1
339,12,499,340,125,246,1,1,1
340,12,497,344,131,242,1,1,1
341,12,504,348,142,234,1,1,1
342,12,505,348,142,234,1,1,1
343,12,511,352,146,230,1,1,1
344,12,515,351,144,232,1,1,1
345,12,519,350,137,233,1,1,1
346,12,523,348,135,235,1,1,1
347,12,531,343,148,240,1,1,1
348,12,534,342,155,242,1,1,1
349,12,534,340,172,243,1,1,1
350,12,540,340,176,243,1,1,1
351,12,549,340,184,239,1,1,1
352,12,553,343,187,237,1,1,1
353,12,556,345,189,234,1,1,1
354,12,560,345,191,235,1,1,1
355,12,569,346,192,233,1,1,1
356,12,574,346,192,233,1,1,1
357,12,580,344,192,235,1,1,1
358,12,585,342,193,237,1,1,1
359,12,594,341,191,239,1,1,1
360,12,592,336,193,239,1,1,1
361,12,600,334,201,242,1,1,1
362,12,603,332,205,241,1,1,1
363,12,607,331,208,242,1,1,1
364,12,612,330,211,244,1,1,1
365,12,618,329,213,246,1,1,1
366,12,619,329,213,244,1,1,1
367,12,629,329,209,244,1,1,1
368,12,639,331,201,243,1,1,1
369,12,644,335,204,239,1,1,1
370,12,651,337,201,238,1,1,1
371,12,670,344,198,232,1,1,1
372,12,676,345,199,231,1,1,1
373,12,693,350,197,227,1,1,1
374,12,701,350,197,227,1,1,1
375,12,710,339,200,239,1,1,1
376,12,719,331,196,247,1,1,1
377,12,724,312,196,261,1,1,1
378,12,731,303,191,271,1,1,1
379,12,735,277,191,297,1,1,1
380,12,739,266,188,308,1,1,1
381,12,749,253,188,313,1,1,1
382,12,751,248,189,311,1,1,1
383,12,756,246,195,309,1,1,1
384,12,760,249,197,311,1,1,1
385,12,772,257,196,321,1,1,1
386,12,780,266,192,313,1,1,1
387,12,793,295,191,284,1,1,1
388,12,804,313,188,267,1,1,1
389,12,815,324,197,257,1,1,1
390,12,826,326,197,256,1,1,1
391,12,834,328,210,252,1,1,1
392,12,840,330,215,251,1,1,1
393,12,852,331,227,251,1,1,1
394,12,857,331,238,252,1,1,1
395,12,876,318,245,265,1,1,1
396,12,888,306,248,279,1,1,1
397,12,908,277,243,309,1,1,1
398,12,918,263,239,324,1,1,1
399,12,939,234,234,353,1,1,1
400,12,947,226,233,360,1,1,1
401,12,951,220,250,356,1,1,1
402,12,949,223,259,349,1,1,1
403,12,971,259,272,333,1,1,1
